Dia,Hora,HBV,15 min,01 h,04 h,24 h,96 h

01/04/2005,00:08:40,nan,0.0,0.0,0.0,0.0,0.2

01/04/2005,00:23:40,nan,0.0,0.0,0.0,0.0,0.2

01/04/2005,00:38:40,nan,0.0,0.0,0.0,0.0,0.2

01/04/2005,00:53:40,nan,0.0,0.0,0.0,0.0,0.2

01/04/2005,01:08:40,nan,0.0,0.0,0.0,0.0,0.2

01/04/2005,01:23:40,nan,0.0,0.0,0.0,0.0,0.2

01/04/2005,01:38:40,nan,0.0,0.0,0.0,0.0,0.2

01/04/2005,01:53:40,nan,0.0,0.0,0.0,0.0,0.2

01/04/2005,02:08:40,nan,0.0,0.0,0.0,0.0,0.2

01/04/2005,02:23:40,nan,0.0,0.0,0.0,0.0,0.2

01/04/2005,02:38:40,nan,0.0,0.0,0.0,0.0,0.2

01/04/2005,02:53:40,nan,0.0,0.0,0.0,0.0,0.2

01/04/2005,03:08:40,nan,0.0,0.0,0.0,0.0,0.2

01/04/2005,03:23:40,nan,0.0,0.0,0.0,0.0,0.2

01/04/2005,03:38:40,nan,0.0,0.0,0.0,0.0,0.2

01/04/2005,03:53:40,nan,0.0,0.0,0.0,0.0,0.2

01/04/2005,04:08:40,nan,0.0,0.0,0.0,0.0,0.2

01/04/2005,04:23:40,nan,0.0,0.0,0.0,0.0,0.2

01/04/2005,04:38:40,nan,0.0,0.0,0.0,0.0,0.2

01/04/2005,04:53:40,nan,0.0,0.0,0.0,0.0,0.2

01/04/2005,05:08:40,nan,0.0,0.0,0.0,0.0,0.2

01/04/2005,05:23:40,nan,0.0,0.0,0.0,0.0,0.2

01/04/2005,05:38:40,nan,0.0,0.0,0.0,0.0,0.2

01/04/2005,05:53:40,nan,0.0,0.0,0.0,0.0,0.2

01/04/2005,06:08:40,nan,0.0,0.0,0.0,0.0,0.2

01/04/2005,06:23:40,nan,0.0,0.0,0.0,0.0,0.2

01/04/2005,06:38:40,nan,0.0,0.0,0.0,0.0,0.2

01/04/2005,06:53:40,nan,0.0,0.0,0.0,0.0,0.2

01/04/2005,07:08:40,nan,0.0,0.0,0.0,0.0,0.2

01/04/2005,07:23:40,nan,0.0,0.0,0.0,0.0,0.2

01/04/2005,07:38:40,nan,0.0,0.0,0.0,0.0,0.2

01/04/2005,07:53:40,nan,0.0,0.0,0.0,0.0,0.2

01/04/2005,08:08:40,nan,0.0,0.0,0.0,0.0,0.2

01/04/2005,08:23:40,nan,0.0,0.0,0.0,0.0,0.2

01/04/2005,08:38:40,nan,0.0,0.0,0.0,0.0,0.2

01/04/2005,08:53:40,nan,0.0,0.0,0.0,0.0,0.2

01/04/2005,09:08:40,nan,0.0,0.0,0.0,0.0,0.2

01/04/2005,09:23:40,nan,0.0,0.0,0.0,0.0,0.2

01/04/2005,09:38:40,nan,0.0,0.0,0.0,0.0,0.2

01/04/2005,09:53:40,nan,0.0,0.0,0.0,0.0,0.2

01/04/2005,10:08:40,nan,0.0,0.0,0.0,0.0,0.2

01/04/2005,10:23:40,nan,0.0,0.0,0.0,0.0,0.2

01/04/2005,10:38:40,nan,0.0,0.0,0.0,0.0,0.2

01/04/2005,10:53:40,nan,0.0,0.0,0.0,0.0,0.2

01/04/2005,11:08:40,nan,0.0,0.0,0.0,0.0,0.2

01/04/2005,11:23:40,nan,0.0,0.0,0.0,0.0,0.2

01/04/2005,11:38:40,nan,0.0,0.0,0.0,0.0,0.2

01/04/2005,11:53:40,nan,0.0,0.0,0.0,0.0,0.2

01/04/2005,12:08:40,nan,0.0,0.0,0.0,0.0,0.2

01/04/2005,12:23:40,nan,0.0,0.0,0.0,0.0,0.2

01/04/2005,12:38:40,nan,0.0,0.0,0.0,0.0,0.2

01/04/2005,12:53:40,nan,0.0,0.0,0.0,0.0,0.2

01/04/2005,13:08:40,nan,0.0,0.0,0.0,0.0,0.2

01/04/2005,13:23:40,nan,0.0,0.0,0.0,0.0,0.2

01/04/2005,13:38:40,nan,0.0,0.0,0.0,0.0,0.2

01/04/2005,13:53:40,nan,0.0,0.0,0.0,0.0,0.2

01/04/2005,14:08:40,nan,0.0,0.0,0.0,0.0,0.2

01/04/2005,14:23:40,nan,0.0,0.0,0.0,0.0,0.2

01/04/2005,14:38:40,nan,0.0,0.0,0.0,0.0,0.2

01/04/2005,14:53:40,nan,0.0,0.0,0.0,0.0,0.2

01/04/2005,15:08:40,nan,0.0,0.0,0.0,0.0,0.2

01/04/2005,15:23:40,nan,0.0,0.0,0.0,0.0,0.2

01/04/2005,15:38:40,nan,0.0,0.0,0.0,0.0,0.2

01/04/2005,15:53:40,nan,0.0,0.0,0.0,0.0,0.2

01/04/2005,16:08:40,nan,0.0,0.0,0.0,0.0,0.2

01/04/2005,16:23:40,nan,0.0,0.0,0.0,0.0,0.2

01/04/2005,16:38:40,nan,0.0,0.0,0.0,0.0,0.2

01/04/2005,16:53:40,nan,0.0,0.0,0.0,0.0,0.2

01/04/2005,17:08:40,nan,0.0,0.0,0.0,0.0,0.2

01/04/2005,17:23:40,nan,0.0,0.0,0.0,0.0,0.2

01/04/2005,17:38:40,nan,0.0,0.0,0.0,0.0,0.2

01/04/2005,17:53:40,nan,0.0,0.0,0.0,0.0,0.2

01/04/2005,18:08:40,nan,0.0,0.0,0.0,0.0,0.2

01/04/2005,18:23:40,nan,0.0,0.0,0.0,0.0,0.2

01/04/2005,18:38:40,nan,0.0,0.0,0.0,0.0,0.2

01/04/2005,18:53:40,nan,0.0,0.0,0.0,0.0,0.2

01/04/2005,19:08:40,nan,0.0,0.0,0.0,0.0,0.2

01/04/2005,19:23:40,nan,0.0,0.0,0.0,0.0,0.2

01/04/2005,19:38:40,nan,0.0,0.0,0.0,0.0,0.2

01/04/2005,19:53:40,nan,0.0,0.0,0.0,0.0,0.2

01/04/2005,20:08:40,nan,0.0,0.0,0.0,0.0,0.2

01/04/2005,20:23:40,nan,0.0,0.0,0.0,0.0,0.2

01/04/2005,20:38:40,nan,0.0,0.0,0.0,0.0,0.2

01/04/2005,20:53:40,nan,0.0,0.0,0.0,0.0,0.2

01/04/2005,21:08:40,nan,0.0,0.0,0.0,0.0,0.2

01/04/2005,21:23:40,nan,0.0,0.0,0.0,0.0,0.2

01/04/2005,21:38:40,nan,0.0,0.0,0.0,0.0,0.2

01/04/2005,21:53:40,nan,0.0,0.0,0.0,0.0,0.2

01/04/2005,22:08:40,nan,0.0,0.0,0.0,0.0,0.2

01/04/2005,22:23:40,nan,0.0,0.0,0.0,0.0,0.2

01/04/2005,22:38:40,nan,0.0,0.0,0.0,0.0,0.2

01/04/2005,22:53:40,nan,0.0,0.0,0.0,0.0,0.2

01/04/2005,23:08:40,nan,0.0,0.0,0.0,0.0,0.2

01/04/2005,23:23:40,nan,0.0,0.0,0.0,0.0,0.2

01/04/2005,23:38:40,nan,0.0,0.0,0.0,0.0,0.2

01/04/2005,23:53:40,nan,0.0,0.0,0.0,0.0,0.2

02/04/2005,00:08:40,nan,0.0,0.0,0.0,0.0,0.2

02/04/2005,00:23:40,nan,0.0,0.0,0.0,0.0,0.2

02/04/2005,00:38:40,nan,0.0,0.0,0.0,0.0,0.2

02/04/2005,00:53:40,nan,0.0,0.0,0.0,0.0,0.2

02/04/2005,01:08:40,nan,0.0,0.0,0.0,0.0,0.2

02/04/2005,01:23:40,nan,0.0,0.0,0.0,0.0,0.2

02/04/2005,01:38:40,nan,0.0,0.0,0.0,0.0,0.2

02/04/2005,01:53:40,nan,0.0,0.0,0.0,0.0,0.2

02/04/2005,02:08:40,nan,0.0,0.0,0.0,0.0,0.2

02/04/2005,02:23:40,nan,0.0,0.0,0.0,0.0,0.2

02/04/2005,02:38:40,nan,0.0,0.0,0.0,0.0,0.2

02/04/2005,02:53:40,nan,0.0,0.0,0.0,0.0,0.2

02/04/2005,03:08:40,nan,0.0,0.0,0.0,0.0,0.2

02/04/2005,03:23:40,nan,0.0,0.0,0.0,0.0,0.2

02/04/2005,03:38:40,nan,0.0,0.0,0.0,0.0,0.2

02/04/2005,03:53:40,nan,0.0,0.0,0.0,0.0,0.2

02/04/2005,04:08:40,nan,0.0,0.0,0.0,0.0,0.2

02/04/2005,04:23:40,nan,0.0,0.0,0.0,0.0,0.2

02/04/2005,04:38:40,nan,0.0,0.0,0.0,0.0,0.2

02/04/2005,04:53:40,nan,0.0,0.0,0.0,0.0,0.2

02/04/2005,05:08:40,nan,0.0,0.0,0.0,0.0,0.2

02/04/2005,05:23:40,nan,0.0,0.0,0.0,0.0,0.2

02/04/2005,05:38:40,nan,0.0,0.0,0.0,0.0,0.2

02/04/2005,05:53:40,nan,0.0,0.0,0.0,0.0,0.2

02/04/2005,06:08:40,nan,0.0,0.0,0.0,0.0,0.2

02/04/2005,06:23:40,nan,0.0,0.0,0.0,0.0,0.2

02/04/2005,06:38:40,nan,0.0,0.0,0.0,0.0,0.2

02/04/2005,06:53:40,nan,0.0,0.0,0.0,0.0,0.2

02/04/2005,07:08:40,nan,0.0,0.0,0.0,0.0,0.2

02/04/2005,07:23:40,nan,0.0,0.0,0.0,0.0,0.2

02/04/2005,07:38:40,nan,0.0,0.0,0.0,0.0,0.2

02/04/2005,07:53:40,nan,0.0,0.0,0.0,0.0,0.2

02/04/2005,08:08:40,nan,0.0,0.0,0.0,0.0,0.2

02/04/2005,08:23:40,nan,0.0,0.0,0.0,0.0,0.2

02/04/2005,08:38:40,nan,0.0,0.0,0.0,0.0,0.2

02/04/2005,08:53:40,nan,0.0,0.0,0.0,0.0,0.2

02/04/2005,09:08:40,nan,0.0,0.0,0.0,0.0,0.2

02/04/2005,09:23:40,nan,0.0,0.0,0.0,0.0,0.2

02/04/2005,09:38:40,nan,0.0,0.0,0.0,0.0,0.2

02/04/2005,09:53:40,nan,0.0,0.0,0.0,0.0,0.2

02/04/2005,10:08:40,nan,0.0,0.0,0.0,0.0,0.2

02/04/2005,10:23:40,nan,0.0,0.0,0.0,0.0,0.2

02/04/2005,10:38:40,nan,0.0,0.0,0.0,0.0,0.2

02/04/2005,10:53:40,nan,0.0,0.0,0.0,0.0,0.2

02/04/2005,11:08:40,nan,0.0,0.0,0.0,0.0,0.2

02/04/2005,11:23:40,nan,0.0,0.0,0.0,0.0,0.2

02/04/2005,11:38:40,nan,0.0,0.0,0.0,0.0,0.2

02/04/2005,11:53:40,nan,0.0,0.0,0.0,0.0,0.2

02/04/2005,12:08:40,nan,0.0,0.0,0.0,0.0,0.2

02/04/2005,12:23:40,nan,0.0,0.0,0.0,0.0,0.2

02/04/2005,12:38:40,nan,0.0,0.0,0.0,0.0,0.2

02/04/2005,12:53:40,nan,0.0,0.0,0.0,0.0,0.2

02/04/2005,13:08:40,nan,0.0,0.0,0.0,0.0,0.2

02/04/2005,13:23:40,nan,0.0,0.0,0.0,0.0,0.2

02/04/2005,13:38:40,nan,0.0,0.0,0.0,0.0,0.2

02/04/2005,13:53:40,nan,0.0,0.0,0.0,0.0,0.2

02/04/2005,14:08:40,nan,0.0,0.0,0.0,0.0,0.2

02/04/2005,14:23:40,nan,0.0,0.0,0.0,0.0,0.2

02/04/2005,14:38:40,nan,0.0,0.0,0.0,0.0,0.2

02/04/2005,14:53:40,nan,0.0,0.0,0.0,0.0,0.2

02/04/2005,15:08:40,nan,0.0,0.0,0.0,0.0,0.2

02/04/2005,15:23:40,nan,0.0,0.0,0.0,0.0,0.2

02/04/2005,15:38:40,nan,0.0,0.0,0.0,0.0,0.2

02/04/2005,15:53:40,nan,0.0,0.0,0.0,0.0,0.2

02/04/2005,16:08:40,nan,0.0,0.0,0.0,0.0,0.2

02/04/2005,16:23:40,nan,0.0,0.0,0.0,0.0,0.2

02/04/2005,16:38:40,nan,0.0,0.0,0.0,0.0,0.2

02/04/2005,16:53:40,nan,0.0,0.0,0.0,0.0,0.2

02/04/2005,17:08:40,nan,0.0,0.0,0.0,0.0,0.2

02/04/2005,17:23:40,nan,0.0,0.0,0.0,0.0,0.2

02/04/2005,17:38:40,nan,0.0,0.0,0.0,0.0,0.2

02/04/2005,17:53:40,nan,0.0,0.0,0.0,0.0,0.2

02/04/2005,18:08:40,nan,0.0,0.0,0.0,0.0,0.2

02/04/2005,18:23:40,nan,0.0,0.0,0.0,0.0,0.2

02/04/2005,18:38:40,nan,0.0,0.0,0.0,0.0,0.2

02/04/2005,18:53:40,nan,0.0,0.0,0.0,0.0,0.2

02/04/2005,19:08:40,nan,0.0,0.0,0.0,0.0,0.2

02/04/2005,19:23:40,nan,0.0,0.0,0.0,0.0,0.2

02/04/2005,19:38:40,nan,0.0,0.0,0.0,0.0,0.2

02/04/2005,19:53:40,nan,0.0,0.0,0.0,0.0,0.2

02/04/2005,20:08:40,nan,0.0,0.0,0.0,0.0,0.2

02/04/2005,20:23:40,nan,0.0,0.0,0.0,0.0,0.2

02/04/2005,20:38:40,nan,0.0,0.0,0.0,0.0,0.2

02/04/2005,20:53:40,nan,0.0,0.0,0.0,0.0,0.2

02/04/2005,21:08:40,nan,0.0,0.0,0.0,0.0,0.2

02/04/2005,21:23:40,nan,0.0,0.0,0.0,0.0,0.2

02/04/2005,21:38:40,nan,0.0,0.0,0.0,0.0,0.2

02/04/2005,21:53:40,nan,0.0,0.0,0.0,0.0,0.2

02/04/2005,22:08:40,nan,0.0,0.0,0.0,0.0,0.2

02/04/2005,22:23:40,nan,0.0,0.0,0.0,0.0,0.2

02/04/2005,22:38:40,nan,0.0,0.0,0.0,0.0,0.2

02/04/2005,22:53:40,nan,0.0,0.0,0.0,0.0,0.2

02/04/2005,23:08:40,nan,0.0,0.0,0.0,0.0,0.2

02/04/2005,23:23:40,nan,0.0,0.0,0.0,0.0,0.2

02/04/2005,23:38:40,nan,0.0,0.0,0.0,0.0,0.2

02/04/2005,23:53:40,nan,0.0,0.0,0.0,0.0,0.2

03/04/2005,00:08:40,nan,0.0,0.0,0.0,0.0,0.2

03/04/2005,00:23:40,nan,0.0,0.0,0.0,0.0,0.2

03/04/2005,00:38:40,nan,0.0,0.0,0.0,0.0,0.2

03/04/2005,00:53:40,nan,0.0,0.0,0.0,0.0,0.2

03/04/2005,01:08:40,nan,0.0,0.0,0.0,0.0,0.2

03/04/2005,01:23:40,nan,0.0,0.0,0.0,0.0,0.2

03/04/2005,01:38:40,nan,0.0,0.0,0.0,0.0,0.2

03/04/2005,01:53:40,nan,0.0,0.0,0.0,0.0,0.2

03/04/2005,02:08:40,nan,0.0,0.0,0.0,0.0,0.2

03/04/2005,02:23:40,nan,0.0,0.0,0.0,0.0,0.2

03/04/2005,02:38:40,nan,0.0,0.0,0.0,0.0,0.2

03/04/2005,02:53:40,nan,0.0,0.0,0.0,0.0,0.2

03/04/2005,03:08:40,nan,0.0,0.0,0.0,0.0,0.2

03/04/2005,03:23:40,nan,0.0,0.0,0.0,0.0,0.2

03/04/2005,03:38:40,nan,0.0,0.0,0.0,0.0,0.2

03/04/2005,03:53:40,nan,0.0,0.0,0.0,0.0,0.2

03/04/2005,04:08:40,nan,0.0,0.0,0.0,0.0,0.2

03/04/2005,04:23:40,nan,0.0,0.0,0.0,0.0,0.2

03/04/2005,04:38:40,nan,0.0,0.0,0.0,0.0,0.2

03/04/2005,04:53:40,nan,0.0,0.0,0.0,0.0,0.2

03/04/2005,05:08:40,nan,0.0,0.0,0.0,0.0,0.2

03/04/2005,05:23:40,nan,0.0,0.0,0.0,0.0,0.2

03/04/2005,05:38:40,nan,0.0,0.0,0.0,0.0,0.2

03/04/2005,05:53:40,nan,0.0,0.0,0.0,0.0,0.2

03/04/2005,06:08:40,nan,0.0,0.0,0.0,0.0,0.2

03/04/2005,06:23:40,nan,0.0,0.0,0.0,0.0,0.2

03/04/2005,06:38:40,nan,0.0,0.0,0.0,0.0,0.2

03/04/2005,06:53:40,nan,0.0,0.0,0.0,0.0,0.2

03/04/2005,07:08:40,nan,0.0,0.0,0.0,0.0,0.2

03/04/2005,07:23:40,nan,0.0,0.0,0.0,0.0,0.2

03/04/2005,07:38:40,nan,0.0,0.0,0.0,0.0,0.2

03/04/2005,07:53:40,nan,0.0,0.0,0.0,0.0,0.2

03/04/2005,08:08:40,nan,0.0,0.0,0.0,0.0,0.2

03/04/2005,08:23:40,nan,0.0,0.0,0.0,0.0,0.2

03/04/2005,08:38:40,nan,0.0,0.0,0.0,0.0,0.2

03/04/2005,08:53:40,nan,0.0,0.0,0.0,0.0,0.2

03/04/2005,09:08:40,nan,0.0,0.0,0.0,0.0,0.2

03/04/2005,09:23:40,nan,0.0,0.0,0.0,0.0,0.2

03/04/2005,09:38:40,nan,0.0,0.0,0.0,0.0,0.2

03/04/2005,09:53:40,nan,0.0,0.0,0.0,0.0,0.2

03/04/2005,10:08:40,nan,0.0,0.0,0.0,0.0,0.2

03/04/2005,10:23:40,nan,0.0,0.0,0.0,0.0,0.2

03/04/2005,10:38:40,nan,0.0,0.0,0.0,0.0,0.2

03/04/2005,10:53:40,nan,0.0,0.0,0.0,0.0,0.2

03/04/2005,11:08:40,nan,0.0,0.0,0.0,0.0,0.2

03/04/2005,11:23:40,nan,0.0,0.0,0.0,0.0,0.2

03/04/2005,11:38:40,nan,0.0,0.0,0.0,0.0,0.2

03/04/2005,11:53:40,nan,0.0,0.0,0.0,0.0,0.2

03/04/2005,12:08:40,nan,0.0,0.0,0.0,0.0,0.2

03/04/2005,12:23:40,nan,0.0,0.0,0.0,0.0,0.2

03/04/2005,12:38:40,nan,0.0,0.0,0.0,0.0,0.2

03/04/2005,12:53:40,nan,0.0,0.0,0.0,0.0,0.2

03/04/2005,13:08:40,nan,0.0,0.0,0.0,0.0,0.2

03/04/2005,13:23:40,nan,0.0,0.0,0.0,0.0,0.2

03/04/2005,13:38:40,nan,0.0,0.0,0.0,0.0,0.2

03/04/2005,13:53:40,nan,0.0,0.0,0.0,0.0,0.2

03/04/2005,14:08:40,nan,0.0,0.0,0.0,0.0,0.2

03/04/2005,14:23:40,nan,0.0,0.0,0.0,0.0,0.2

03/04/2005,14:38:40,nan,0.0,0.0,0.0,0.0,0.2

03/04/2005,14:53:40,nan,0.0,0.0,0.0,0.0,0.2

03/04/2005,15:08:40,nan,0.0,0.0,0.0,0.0,0.2

03/04/2005,15:23:40,nan,0.0,0.0,0.0,0.0,0.2

03/04/2005,15:38:40,nan,0.0,0.0,0.0,0.0,0.2

03/04/2005,15:53:40,nan,0.0,0.0,0.0,0.0,0.2

03/04/2005,16:08:40,nan,0.0,0.0,0.0,0.0,0.2

03/04/2005,16:23:40,nan,0.0,0.0,0.0,0.0,0.2

03/04/2005,16:38:40,nan,0.0,0.0,0.0,0.0,0.2

03/04/2005,16:53:40,nan,0.0,0.0,0.0,0.0,0.2

03/04/2005,17:08:40,nan,0.0,0.0,0.0,0.0,0.2

03/04/2005,17:23:40,nan,0.0,0.0,0.0,0.0,0.2

03/04/2005,17:38:40,nan,0.0,0.0,0.0,0.0,0.2

03/04/2005,17:53:40,nan,0.0,0.0,0.0,0.0,0.2

03/04/2005,18:08:40,nan,0.0,0.0,0.0,0.0,0.2

03/04/2005,18:23:40,nan,0.0,0.0,0.0,0.0,0.2

03/04/2005,18:38:40,nan,0.0,0.0,0.0,0.0,0.2

03/04/2005,18:53:40,nan,0.0,0.0,0.0,0.0,0.2

03/04/2005,19:08:40,nan,0.0,0.0,0.0,0.0,0.2

03/04/2005,19:23:40,nan,0.0,0.0,0.0,0.0,0.2

03/04/2005,19:38:40,nan,0.0,0.0,0.0,0.0,0.2

03/04/2005,19:53:40,nan,0.0,0.0,0.0,0.0,0.2

03/04/2005,20:08:40,nan,0.0,0.0,0.0,0.0,0.2

03/04/2005,20:23:40,nan,0.0,0.0,0.0,0.0,0.0

03/04/2005,20:38:40,nan,0.0,0.0,0.0,0.0,0.0

03/04/2005,20:53:40,nan,0.0,0.0,0.0,0.0,0.0

03/04/2005,21:08:40,nan,0.0,0.0,0.0,0.0,0.0

03/04/2005,21:23:40,nan,0.0,0.0,0.0,0.0,0.0

03/04/2005,21:38:40,nan,0.0,0.0,0.0,0.0,0.0

03/04/2005,21:53:40,nan,0.0,0.0,0.0,0.0,0.0

03/04/2005,22:08:40,nan,0.0,0.0,0.0,0.0,0.0

03/04/2005,22:23:40,nan,0.0,0.0,0.0,0.0,0.0

03/04/2005,22:38:40,nan,0.0,0.0,0.0,0.0,0.0

03/04/2005,22:53:40,nan,0.0,0.0,0.0,0.0,0.0

03/04/2005,23:08:40,nan,0.0,0.0,0.0,0.0,0.0

03/04/2005,23:23:40,nan,0.0,0.0,0.0,0.0,0.0

03/04/2005,23:38:40,nan,0.0,0.0,0.0,0.0,0.0

03/04/2005,23:53:40,nan,0.0,0.0,0.0,0.0,0.0

04/04/2005,00:08:40,nan,0.0,0.0,0.0,0.0,0.0

04/04/2005,00:23:40,nan,0.0,0.0,0.0,0.0,0.0

04/04/2005,00:38:40,nan,0.0,0.0,0.0,0.0,0.0

04/04/2005,00:53:40,nan,0.0,0.0,0.0,0.0,0.0

04/04/2005,01:08:40,nan,0.0,0.0,0.0,0.0,0.0

04/04/2005,01:23:40,nan,0.0,0.0,0.0,0.0,0.0

04/04/2005,01:38:40,nan,0.0,0.0,0.0,0.0,0.0

04/04/2005,01:53:40,nan,0.0,0.0,0.0,0.0,0.0

04/04/2005,02:08:40,nan,0.0,0.0,0.0,0.0,0.0

04/04/2005,02:23:40,nan,0.0,0.0,0.0,0.0,0.0

04/04/2005,02:38:40,nan,0.0,0.0,0.0,0.0,0.0

04/04/2005,02:53:40,nan,0.0,0.0,0.0,0.0,0.0

04/04/2005,03:08:40,nan,0.0,0.0,0.0,0.0,0.0

04/04/2005,03:23:40,nan,0.0,0.0,0.0,0.0,0.0

04/04/2005,03:38:40,nan,0.0,0.0,0.0,0.0,0.0

04/04/2005,03:53:40,nan,0.0,0.0,0.0,0.0,0.0

04/04/2005,04:08:40,nan,0.0,0.0,0.0,0.0,0.0

04/04/2005,04:23:40,nan,0.0,0.0,0.0,0.0,0.0

04/04/2005,04:38:40,nan,0.0,0.0,0.0,0.0,0.0

04/04/2005,04:53:40,nan,0.0,0.0,0.0,0.0,0.0

04/04/2005,05:08:40,nan,0.0,0.0,0.0,0.0,0.0

04/04/2005,05:23:40,nan,0.0,0.0,0.0,0.0,0.0

04/04/2005,05:38:40,nan,0.0,0.0,0.0,0.0,0.0

04/04/2005,05:53:40,nan,0.0,0.0,0.0,0.0,0.0

04/04/2005,06:08:40,nan,0.0,0.0,0.0,0.0,0.0

04/04/2005,06:23:40,nan,0.0,0.0,0.0,0.0,0.0

04/04/2005,06:38:40,nan,0.0,0.0,0.0,0.0,0.0

04/04/2005,06:53:40,nan,0.0,0.0,0.0,0.0,0.0

04/04/2005,07:08:40,nan,0.0,0.0,0.0,0.0,0.0

04/04/2005,07:23:40,nan,0.0,0.0,0.0,0.0,0.0

04/04/2005,07:38:40,nan,0.0,0.0,0.0,0.0,0.0

04/04/2005,07:53:40,nan,0.0,0.0,0.0,0.0,0.0

04/04/2005,08:08:40,nan,0.0,0.0,0.0,0.0,0.0

04/04/2005,08:23:40,nan,0.0,0.0,0.0,0.0,0.0

04/04/2005,08:38:40,nan,0.0,0.0,0.0,0.0,0.0

04/04/2005,08:53:40,nan,0.0,0.0,0.0,0.0,0.0

04/04/2005,09:08:40,nan,0.0,0.0,0.0,0.0,0.0

04/04/2005,09:23:40,nan,0.0,0.0,0.0,0.0,0.0

04/04/2005,09:38:40,nan,0.0,0.0,0.0,0.0,0.0

04/04/2005,09:53:40,nan,0.0,0.0,0.0,0.0,0.0

04/04/2005,10:08:40,nan,0.0,0.0,0.0,0.0,0.0

04/04/2005,10:23:40,nan,0.0,0.0,0.0,0.0,0.0

04/04/2005,10:38:40,nan,0.0,0.0,0.0,0.0,0.0

04/04/2005,10:53:40,nan,0.0,0.0,0.0,0.0,0.0

04/04/2005,11:08:40,nan,0.0,0.0,0.0,0.0,0.0

04/04/2005,11:23:40,nan,0.0,0.0,0.0,0.0,0.0

04/04/2005,11:38:40,nan,0.0,0.0,0.0,0.0,0.0

04/04/2005,11:53:40,nan,0.0,0.0,0.0,0.0,0.0

04/04/2005,12:08:40,nan,0.0,0.0,0.0,0.0,0.0

04/04/2005,12:23:40,nan,0.0,0.0,0.0,0.0,0.0

04/04/2005,12:38:40,nan,0.0,0.0,0.0,0.0,0.0

04/04/2005,12:53:40,nan,0.0,0.0,0.0,0.0,0.0

04/04/2005,13:08:40,nan,0.0,0.0,0.0,0.0,0.0

04/04/2005,13:23:40,nan,0.0,0.0,0.0,0.0,0.0

04/04/2005,13:38:40,nan,0.0,0.0,0.0,0.0,0.0

04/04/2005,13:53:40,nan,0.0,0.0,0.0,0.0,0.0

04/04/2005,14:08:40,nan,0.0,0.0,0.0,0.0,0.0

04/04/2005,14:23:40,nan,0.0,0.0,0.0,0.0,0.0

04/04/2005,14:38:40,nan,0.0,0.0,0.0,0.0,0.0

04/04/2005,14:53:40,nan,0.0,0.0,0.0,0.0,0.0

04/04/2005,15:08:40,nan,0.0,0.0,0.0,0.0,0.0

04/04/2005,15:23:40,nan,0.0,0.0,0.0,0.0,0.0

04/04/2005,15:38:40,nan,0.0,0.0,0.0,0.0,0.0

04/04/2005,15:53:40,nan,0.0,0.0,0.0,0.0,0.0

04/04/2005,16:08:40,nan,0.0,0.0,0.0,0.0,0.0

04/04/2005,16:23:40,nan,0.0,0.0,0.0,0.0,0.0

04/04/2005,16:38:40,nan,0.0,0.0,0.0,0.0,0.0

04/04/2005,16:53:40,nan,0.0,0.0,0.0,0.0,0.0

04/04/2005,17:08:40,nan,0.0,0.0,0.0,0.0,0.0

04/04/2005,17:23:40,nan,0.0,0.0,0.0,0.0,0.0

04/04/2005,17:38:40,nan,0.0,0.0,0.0,0.0,0.0

04/04/2005,17:53:40,nan,0.0,0.0,0.0,0.0,0.0

04/04/2005,18:08:40,nan,0.0,0.0,0.0,0.0,0.0

04/04/2005,18:23:40,nan,0.0,0.0,0.0,0.0,0.0

04/04/2005,18:38:40,nan,0.0,0.0,0.0,0.0,0.0

04/04/2005,18:53:40,nan,0.0,0.0,0.0,0.0,0.0

04/04/2005,19:08:40,nan,0.0,0.0,0.0,0.0,0.0

04/04/2005,19:23:40,nan,0.0,0.0,0.0,0.0,0.0

04/04/2005,19:38:40,nan,0.0,0.0,0.0,0.0,0.0

04/04/2005,19:53:40,nan,0.0,0.0,0.0,0.0,0.0

04/04/2005,20:08:40,nan,0.0,0.0,0.0,0.0,0.0

04/04/2005,20:23:40,nan,0.0,0.0,0.0,0.0,0.0

04/04/2005,20:38:40,nan,0.0,0.0,0.0,0.0,0.0

04/04/2005,20:53:40,nan,0.0,0.0,0.0,0.0,0.0

04/04/2005,21:08:40,nan,0.0,0.0,0.0,0.0,0.0

04/04/2005,21:23:40,nan,0.0,0.0,0.0,0.0,0.0

04/04/2005,21:38:40,nan,0.0,0.0,0.0,0.0,0.0

04/04/2005,21:53:40,nan,0.0,0.0,0.0,0.0,0.0

04/04/2005,22:08:40,nan,0.0,0.0,0.0,0.0,0.0

04/04/2005,22:23:40,nan,0.0,0.0,0.0,0.0,0.0

04/04/2005,22:38:40,nan,0.0,0.0,0.0,0.0,0.0

04/04/2005,22:53:40,nan,0.0,0.0,0.0,0.0,0.0

04/04/2005,23:08:40,nan,0.0,0.0,0.0,0.0,0.0

04/04/2005,23:23:40,nan,0.0,0.0,0.0,0.0,0.0

04/04/2005,23:38:40,nan,0.0,0.0,0.0,0.0,0.0

04/04/2005,23:53:40,nan,0.0,0.0,0.0,0.0,0.0

05/04/2005,00:08:40,nan,0.0,0.0,0.0,0.0,0.0

05/04/2005,00:23:40,nan,0.0,0.0,0.0,0.0,0.0

05/04/2005,00:38:40,nan,0.0,0.0,0.0,0.0,0.0

05/04/2005,00:53:40,nan,0.0,0.0,0.0,0.0,0.0

05/04/2005,01:08:40,nan,0.0,0.0,0.0,0.0,0.0

05/04/2005,01:23:40,nan,0.0,0.0,0.0,0.0,0.0

05/04/2005,01:38:40,nan,0.0,0.0,0.0,0.0,0.0

05/04/2005,01:53:40,nan,0.0,0.0,0.0,0.0,0.0

05/04/2005,02:08:40,nan,0.0,0.0,0.0,0.0,0.0

05/04/2005,02:23:40,nan,0.0,0.0,0.0,0.0,0.0

05/04/2005,02:38:40,nan,0.0,0.0,0.0,0.0,0.0

05/04/2005,02:53:40,nan,0.2,0.2,0.2,0.2,0.2

05/04/2005,03:08:40,nan,1.0,1.2,1.2,1.2,1.2

05/04/2005,03:23:40,nan,1.2,2.4,2.4,2.4,2.4

05/04/2005,03:38:40,nan,0.6,3.0,3.0,3.0,3.0

05/04/2005,03:53:40,nan,0.6,3.4,3.6,3.6,3.6

05/04/2005,04:08:40,nan,0.4,2.8,4.0,4.0,4.0

05/04/2005,04:23:40,nan,0.2,1.8,4.2,4.2,4.2

05/04/2005,04:38:40,nan,0.0,1.2,4.2,4.2,4.2

05/04/2005,04:53:40,nan,0.0,0.6,4.2,4.2,4.2

05/04/2005,05:08:40,nan,0.0,0.2,4.2,4.2,4.2

05/04/2005,05:23:40,nan,0.2,0.2,4.4,4.4,4.4

05/04/2005,05:38:40,nan,0.0,0.2,4.4,4.4,4.4

05/04/2005,05:53:40,nan,0.0,0.2,4.4,4.4,4.4

05/04/2005,06:08:40,nan,0.0,0.2,4.4,4.4,4.4

05/04/2005,06:23:40,nan,0.0,0.0,4.4,4.4,4.4

05/04/2005,06:38:40,nan,0.0,0.0,4.4,4.4,4.4

05/04/2005,06:53:40,nan,0.0,0.0,4.2,4.4,4.4

05/04/2005,07:08:40,nan,0.0,0.0,3.2,4.4,4.4

05/04/2005,07:23:40,nan,0.0,0.0,2.0,4.4,4.4

05/04/2005,07:38:40,nan,0.0,0.0,1.4,4.4,4.4

05/04/2005,07:53:40,nan,0.0,0.0,0.8,4.4,4.4

05/04/2005,08:08:40,nan,0.0,0.0,0.4,4.4,4.4

05/04/2005,08:23:40,nan,0.0,0.0,0.2,4.4,4.4

05/04/2005,08:38:40,nan,0.0,0.0,0.2,4.4,4.4

05/04/2005,08:53:40,nan,0.0,0.0,0.2,4.4,4.4

05/04/2005,09:08:40,nan,0.0,0.0,0.2,4.4,4.4

05/04/2005,09:23:40,nan,0.0,0.0,0.0,4.4,4.4

05/04/2005,09:38:40,nan,0.0,0.0,0.0,4.4,4.4

05/04/2005,09:53:40,nan,0.0,0.0,0.0,4.4,4.4

05/04/2005,10:08:40,nan,0.0,0.0,0.0,4.4,4.4

05/04/2005,10:23:40,nan,0.0,0.0,0.0,4.4,4.4

05/04/2005,10:38:40,nan,0.0,0.0,0.0,4.4,4.4

05/04/2005,10:53:40,nan,0.0,0.0,0.0,4.4,4.4

05/04/2005,11:08:40,nan,0.0,0.0,0.0,4.4,4.4

05/04/2005,11:23:40,nan,0.0,0.0,0.0,4.4,4.4

05/04/2005,11:38:40,nan,0.0,0.0,0.0,4.4,4.4

05/04/2005,11:53:40,nan,0.0,0.0,0.0,4.4,4.4

05/04/2005,12:08:40,nan,0.0,0.0,0.0,4.4,4.4

05/04/2005,12:23:40,nan,0.0,0.0,0.0,4.4,4.4

05/04/2005,12:38:40,nan,1.4,1.4,1.4,5.8,5.8

05/04/2005,12:53:40,nan,1.8,3.2,3.2,7.6,7.6

05/04/2005,13:08:40,nan,0.0,3.2,3.2,7.6,7.6

05/04/2005,13:23:40,nan,0.0,3.2,3.2,7.6,7.6

05/04/2005,13:38:40,nan,0.0,1.8,3.2,7.6,7.6

05/04/2005,13:53:40,nan,0.0,0.0,3.2,7.6,7.6

05/04/2005,14:08:40,nan,0.0,0.0,3.2,7.6,7.6

05/04/2005,14:23:40,nan,0.0,0.0,3.2,7.6,7.6

05/04/2005,14:38:40,nan,0.0,0.0,3.2,7.6,7.6

05/04/2005,14:53:40,nan,0.0,0.0,3.2,7.6,7.6

05/04/2005,15:08:40,nan,0.0,0.0,3.2,7.6,7.6

05/04/2005,15:23:40,nan,0.0,0.0,3.2,7.6,7.6

05/04/2005,15:38:40,nan,0.0,0.0,3.2,7.6,7.6

05/04/2005,15:53:40,nan,0.0,0.0,3.2,7.6,7.6

05/04/2005,16:08:40,nan,0.0,0.0,3.2,7.6,7.6

05/04/2005,16:23:40,nan,0.0,0.0,3.2,7.6,7.6

05/04/2005,16:38:40,nan,2.2,2.2,4.0,9.8,9.8

05/04/2005,16:53:40,nan,5.6,7.8,7.8,15.4,15.4

05/04/2005,17:08:40,nan,6.2,14.0,14.0,21.6,21.6

05/04/2005,17:23:40,nan,2.2,16.2,16.2,23.8,23.8

05/04/2005,17:38:40,nan,1.4,15.4,17.6,25.2,25.2

05/04/2005,17:53:40,nan,2.6,12.4,20.2,27.8,27.8

05/04/2005,18:08:40,nan,3.6,9.8,23.8,31.4,31.4

05/04/2005,18:23:40,nan,3.4,11.0,27.2,34.8,34.8

05/04/2005,18:38:40,nan,0.0,9.6,27.2,34.8,34.8

05/04/2005,18:53:40,nan,0.0,7.0,27.2,34.8,34.8

05/04/2005,19:08:40,nan,0.2,3.6,27.4,35.0,35.0

05/04/2005,19:23:40,nan,0.0,0.2,27.4,35.0,35.0

05/04/2005,19:38:40,nan,0.2,0.4,27.6,35.2,35.2

05/04/2005,19:53:40,nan,0.0,0.4,27.6,35.2,35.2

05/04/2005,20:08:40,nan,0.2,0.4,27.8,35.4,35.4

05/04/2005,20:23:40,nan,0.0,0.4,27.8,35.4,35.4

05/04/2005,20:38:40,nan,0.0,0.2,25.6,35.4,35.4

05/04/2005,20:53:40,nan,0.0,0.2,20.0,35.4,35.4

05/04/2005,21:08:40,nan,0.0,0.0,13.8,35.4,35.4

05/04/2005,21:23:40,nan,0.0,0.0,11.6,35.4,35.4

05/04/2005,21:38:40,nan,0.0,0.0,10.2,35.4,35.4

05/04/2005,21:53:40,nan,0.0,0.0,7.6,35.4,35.4

05/04/2005,22:08:40,nan,0.0,0.0,4.0,35.4,35.4

05/04/2005,22:23:40,nan,0.0,0.0,0.6,35.4,35.4

05/04/2005,22:38:40,nan,0.0,0.0,0.6,35.4,35.4

05/04/2005,22:53:40,nan,0.0,0.0,0.6,35.4,35.4

05/04/2005,23:08:40,nan,0.0,0.0,0.4,35.4,35.4

05/04/2005,23:23:40,nan,0.0,0.0,0.4,35.4,35.4

05/04/2005,23:38:40,nan,0.0,0.0,0.2,35.4,35.4

05/04/2005,23:53:40,nan,0.0,0.0,0.2,35.4,35.4

06/04/2005,00:08:40,nan,0.0,0.0,0.0,35.4,35.4

06/04/2005,00:23:40,nan,0.0,0.0,0.0,35.4,35.4

06/04/2005,00:38:40,nan,0.0,0.0,0.0,35.4,35.4

06/04/2005,00:53:40,nan,0.0,0.0,0.0,35.4,35.4

06/04/2005,01:08:40,nan,0.0,0.0,0.0,35.4,35.4

06/04/2005,01:23:40,nan,0.0,0.0,0.0,35.4,35.4

06/04/2005,01:38:40,nan,0.0,0.0,0.0,35.4,35.4

06/04/2005,01:53:40,nan,0.0,0.0,0.0,35.4,35.4

06/04/2005,02:08:40,nan,0.0,0.0,0.0,35.4,35.4

06/04/2005,02:23:40,nan,0.0,0.0,0.0,35.4,35.4

06/04/2005,02:38:40,nan,0.0,0.0,0.0,35.4,35.4

06/04/2005,02:53:40,nan,0.0,0.0,0.0,35.2,35.4

06/04/2005,03:08:40,nan,0.0,0.0,0.0,34.2,35.4

06/04/2005,03:23:40,nan,0.0,0.0,0.0,33.0,35.4

06/04/2005,03:38:40,nan,0.0,0.0,0.0,32.4,35.4

06/04/2005,03:53:40,nan,0.0,0.0,0.0,31.8,35.4

06/04/2005,04:08:40,nan,0.0,0.0,0.0,31.4,35.4

06/04/2005,04:23:40,nan,0.0,0.0,0.0,31.2,35.4

06/04/2005,04:38:40,nan,0.0,0.0,0.0,31.2,35.4

06/04/2005,04:53:40,nan,0.0,0.0,0.0,31.2,35.4

06/04/2005,05:08:40,nan,0.0,0.0,0.0,31.2,35.4

06/04/2005,05:23:40,nan,0.0,0.0,0.0,31.0,35.4

06/04/2005,05:38:40,nan,0.0,0.0,0.0,31.0,35.4

06/04/2005,05:53:40,nan,0.0,0.0,0.0,31.0,35.4

06/04/2005,06:08:40,nan,0.0,0.0,0.0,31.0,35.4

06/04/2005,06:23:40,nan,0.0,0.0,0.0,31.0,35.4

06/04/2005,06:38:40,nan,0.0,0.0,0.0,31.0,35.4

06/04/2005,06:53:40,nan,0.0,0.0,0.0,31.0,35.4

06/04/2005,07:08:40,nan,0.0,0.0,0.0,31.0,35.4

06/04/2005,07:23:40,nan,0.0,0.0,0.0,31.0,35.4

06/04/2005,07:38:40,nan,0.0,0.0,0.0,31.0,35.4

06/04/2005,07:53:40,nan,0.0,0.0,0.0,31.0,35.4

06/04/2005,08:08:40,nan,0.0,0.0,0.0,31.0,35.4

06/04/2005,08:23:40,nan,0.0,0.0,0.0,31.0,35.4

06/04/2005,08:38:40,nan,0.0,0.0,0.0,31.0,35.4

06/04/2005,08:53:40,nan,0.0,0.0,0.0,31.0,35.4

06/04/2005,09:08:40,nan,0.0,0.0,0.0,31.0,35.4

06/04/2005,09:23:40,nan,0.0,0.0,0.0,31.0,35.4

06/04/2005,09:38:40,nan,0.0,0.0,0.0,31.0,35.4

06/04/2005,09:53:40,nan,0.0,0.0,0.0,31.0,35.4

06/04/2005,10:08:40,nan,0.6,0.6,0.6,31.6,36.0

06/04/2005,10:23:40,nan,3.6,4.2,4.2,35.2,39.6

06/04/2005,10:38:40,nan,0.0,4.2,4.2,35.2,39.6

06/04/2005,10:53:40,nan,0.0,4.2,4.2,35.2,39.6

06/04/2005,11:08:40,nan,0.0,3.6,4.2,35.2,39.6

06/04/2005,11:23:40,nan,0.0,0.0,4.2,35.2,39.6

06/04/2005,11:38:40,nan,0.0,0.0,4.2,35.2,39.6

06/04/2005,11:53:40,nan,0.0,0.0,4.2,35.2,39.6

06/04/2005,12:08:40,nan,0.0,0.0,4.2,35.2,39.6

06/04/2005,12:23:40,nan,0.0,0.0,4.2,35.2,39.6

06/04/2005,12:38:40,nan,0.0,0.0,4.2,33.8,39.6

06/04/2005,12:53:40,nan,0.0,0.0,4.2,32.0,39.6

06/04/2005,13:08:40,nan,0.0,0.0,4.2,32.0,39.6

06/04/2005,13:23:40,nan,0.0,0.0,4.2,32.0,39.6

06/04/2005,13:38:40,nan,0.0,0.0,4.2,32.0,39.6

06/04/2005,13:53:40,nan,0.0,0.0,4.2,32.0,39.6

06/04/2005,14:08:40,nan,0.0,0.0,3.6,32.0,39.6

06/04/2005,14:23:40,nan,0.0,0.0,0.0,32.0,39.6

06/04/2005,14:38:40,nan,0.0,0.0,0.0,32.0,39.6

06/04/2005,14:53:40,nan,0.0,0.0,0.0,32.0,39.6

06/04/2005,15:08:40,nan,0.0,0.0,0.0,32.0,39.6

06/04/2005,15:23:40,nan,0.0,0.0,0.0,32.0,39.6

06/04/2005,15:38:40,nan,0.0,0.0,0.0,32.0,39.6

06/04/2005,15:53:40,nan,0.0,0.0,0.0,32.0,39.6

06/04/2005,16:08:40,nan,0.0,0.0,0.0,32.0,39.6

06/04/2005,16:23:40,nan,0.0,0.0,0.0,32.0,39.6

06/04/2005,16:38:40,nan,0.0,0.0,0.0,29.8,39.6

06/04/2005,16:53:40,nan,0.0,0.0,0.0,24.2,39.6

06/04/2005,17:08:40,nan,0.0,0.0,0.0,18.0,39.6

06/04/2005,17:23:40,nan,0.0,0.0,0.0,15.8,39.6

06/04/2005,17:38:40,nan,0.0,0.0,0.0,14.4,39.6

06/04/2005,17:53:40,nan,0.0,0.0,0.0,11.8,39.6

06/04/2005,18:08:40,nan,0.0,0.0,0.0,8.2,39.6

06/04/2005,18:23:40,nan,0.0,0.0,0.0,4.8,39.6

06/04/2005,18:38:40,nan,0.0,0.0,0.0,4.8,39.6

06/04/2005,18:53:40,nan,0.0,0.0,0.0,4.8,39.6

06/04/2005,19:08:40,nan,0.0,0.0,0.0,4.6,39.6

06/04/2005,19:23:40,nan,0.0,0.0,0.0,4.6,39.6

06/04/2005,19:38:40,nan,0.0,0.0,0.0,4.4,39.6

06/04/2005,19:53:40,nan,0.0,0.0,0.0,4.4,39.6

06/04/2005,20:08:40,nan,0.0,0.0,0.0,4.2,39.6

06/04/2005,20:23:40,nan,0.0,0.0,0.0,4.2,39.6

06/04/2005,20:38:40,nan,0.0,0.0,0.0,4.2,39.6

06/04/2005,20:53:40,nan,0.0,0.0,0.0,4.2,39.6

06/04/2005,21:08:40,nan,0.0,0.0,0.0,4.2,39.6

06/04/2005,21:23:40,nan,0.0,0.0,0.0,4.2,39.6

06/04/2005,21:38:40,nan,0.0,0.0,0.0,4.2,39.6

06/04/2005,21:53:40,nan,0.0,0.0,0.0,4.2,39.6

06/04/2005,22:08:40,nan,0.0,0.0,0.0,4.2,39.6

06/04/2005,22:23:40,nan,0.0,0.0,0.0,4.2,39.6

06/04/2005,22:38:40,nan,0.0,0.0,0.0,4.2,39.6

06/04/2005,22:53:40,nan,0.0,0.0,0.0,4.2,39.6

06/04/2005,23:08:40,nan,0.0,0.0,0.0,4.2,39.6

06/04/2005,23:23:40,nan,0.0,0.0,0.0,4.2,39.6

06/04/2005,23:38:40,nan,0.0,0.0,0.0,4.2,39.6

06/04/2005,23:53:40,nan,0.0,0.0,0.0,4.2,39.6

07/04/2005,00:08:40,nan,0.0,0.0,0.0,4.2,39.6

07/04/2005,00:23:40,nan,0.0,0.0,0.0,4.2,39.6

07/04/2005,00:38:40,nan,0.0,0.0,0.0,4.2,39.6

07/04/2005,00:53:40,nan,0.0,0.0,0.0,4.2,39.6

07/04/2005,01:08:40,nan,0.0,0.0,0.0,4.2,39.6

07/04/2005,01:23:40,nan,0.0,0.0,0.0,4.2,39.6

07/04/2005,01:38:40,nan,0.0,0.0,0.0,4.2,39.6

07/04/2005,01:53:40,nan,0.0,0.0,0.0,4.2,39.6

07/04/2005,02:08:40,nan,0.0,0.0,0.0,4.2,39.6

07/04/2005,02:23:40,nan,0.0,0.0,0.0,4.2,39.6

07/04/2005,02:38:40,nan,0.0,0.0,0.0,4.2,39.6

07/04/2005,02:53:40,nan,0.0,0.0,0.0,4.2,39.6

07/04/2005,03:08:40,nan,0.0,0.0,0.0,4.2,39.6

07/04/2005,03:23:40,nan,0.0,0.0,0.0,4.2,39.6

07/04/2005,03:38:40,nan,0.0,0.0,0.0,4.2,39.6

07/04/2005,03:53:40,nan,0.0,0.0,0.0,4.2,39.6

07/04/2005,04:08:40,nan,0.0,0.0,0.0,4.2,39.6

07/04/2005,04:23:40,nan,0.0,0.0,0.0,4.2,39.6

07/04/2005,04:38:40,nan,0.0,0.0,0.0,4.2,39.6

07/04/2005,04:53:40,nan,0.0,0.0,0.0,4.2,39.6

07/04/2005,05:08:40,nan,0.0,0.0,0.0,4.2,39.6

07/04/2005,05:23:40,nan,0.0,0.0,0.0,4.2,39.6

07/04/2005,05:38:40,nan,0.0,0.0,0.0,4.2,39.6

07/04/2005,05:53:40,nan,0.0,0.0,0.0,4.2,39.6

07/04/2005,06:08:40,nan,0.0,0.0,0.0,4.2,39.6

07/04/2005,06:23:40,nan,0.0,0.0,0.0,4.2,39.6

07/04/2005,06:38:40,nan,0.0,0.0,0.0,4.2,39.6

07/04/2005,06:53:40,nan,0.0,0.0,0.0,4.2,39.6

07/04/2005,07:08:40,nan,0.0,0.0,0.0,4.2,39.6

07/04/2005,07:23:40,nan,0.0,0.0,0.0,4.2,39.6

07/04/2005,07:38:40,nan,0.0,0.0,0.0,4.2,39.6

07/04/2005,07:53:40,nan,0.0,0.0,0.0,4.2,39.6

07/04/2005,08:08:40,nan,0.0,0.0,0.0,4.2,39.6

07/04/2005,08:23:40,nan,0.0,0.0,0.0,4.2,39.6

07/04/2005,08:38:40,nan,0.0,0.0,0.0,4.2,39.6

07/04/2005,08:53:40,nan,0.0,0.0,0.0,4.2,39.6

07/04/2005,09:08:40,nan,0.0,0.0,0.0,4.2,39.6

07/04/2005,09:23:40,nan,0.0,0.0,0.0,4.2,39.6

07/04/2005,09:38:40,nan,0.0,0.0,0.0,4.2,39.6

07/04/2005,09:53:40,nan,0.0,0.0,0.0,4.2,39.6

07/04/2005,10:08:40,nan,0.0,0.0,0.0,3.6,39.6

07/04/2005,10:23:40,nan,0.0,0.0,0.0,0.0,39.6

07/04/2005,10:38:40,nan,0.0,0.0,0.0,0.0,39.6

07/04/2005,10:53:40,nan,0.0,0.0,0.0,0.0,39.6

07/04/2005,11:08:40,nan,0.0,0.0,0.0,0.0,39.6

07/04/2005,11:23:40,nan,0.0,0.0,0.0,0.0,39.6

07/04/2005,11:38:40,nan,0.0,0.0,0.0,0.0,39.6

07/04/2005,11:53:40,nan,0.0,0.0,0.0,0.0,39.6

07/04/2005,12:08:40,nan,0.0,0.0,0.0,0.0,39.6

07/04/2005,12:23:40,nan,0.0,0.0,0.0,0.0,39.6

07/04/2005,12:38:40,nan,0.0,0.0,0.0,0.0,39.6

07/04/2005,12:53:40,nan,0.0,0.0,0.0,0.0,39.6

07/04/2005,13:08:40,nan,0.0,0.0,0.0,0.0,39.6

07/04/2005,13:23:40,nan,0.0,0.0,0.0,0.0,39.6

07/04/2005,13:38:40,nan,0.0,0.0,0.0,0.0,39.6

07/04/2005,13:53:40,nan,0.0,0.0,0.0,0.0,39.6

07/04/2005,14:08:40,nan,0.0,0.0,0.0,0.0,39.6

07/04/2005,14:23:40,nan,0.0,0.0,0.0,0.0,39.6

07/04/2005,14:38:40,nan,0.0,0.0,0.0,0.0,39.6

07/04/2005,14:53:40,nan,0.0,0.0,0.0,0.0,39.6

07/04/2005,15:08:40,nan,0.0,0.0,0.0,0.0,39.6

07/04/2005,15:23:40,nan,0.0,0.0,0.0,0.0,39.6

07/04/2005,15:38:40,nan,0.0,0.0,0.0,0.0,39.6

07/04/2005,15:53:40,nan,0.0,0.0,0.0,0.0,39.6

07/04/2005,16:08:40,nan,0.0,0.0,0.0,0.0,39.6

07/04/2005,16:23:40,nan,0.0,0.0,0.0,0.0,39.6

07/04/2005,16:38:40,nan,0.0,0.0,0.0,0.0,39.6

07/04/2005,16:53:40,nan,0.0,0.0,0.0,0.0,39.6

07/04/2005,17:08:40,nan,0.0,0.0,0.0,0.0,39.6

07/04/2005,17:23:40,nan,0.0,0.0,0.0,0.0,39.6

07/04/2005,17:38:40,nan,0.0,0.0,0.0,0.0,39.6

07/04/2005,17:53:40,nan,0.0,0.0,0.0,0.0,39.6

07/04/2005,18:08:40,nan,0.0,0.0,0.0,0.0,39.6

07/04/2005,18:23:40,nan,0.0,0.0,0.0,0.0,39.6

07/04/2005,18:38:40,nan,0.0,0.0,0.0,0.0,39.6

07/04/2005,18:53:40,nan,0.0,0.0,0.0,0.0,39.6

07/04/2005,19:08:40,nan,0.0,0.0,0.0,0.0,39.6

07/04/2005,19:23:40,nan,0.0,0.0,0.0,0.0,39.6

07/04/2005,19:38:40,nan,0.0,0.0,0.0,0.0,39.6

07/04/2005,19:53:40,nan,0.0,0.0,0.0,0.0,39.6

07/04/2005,20:08:40,nan,0.0,0.0,0.0,0.0,39.6

07/04/2005,20:23:40,nan,0.0,0.0,0.0,0.0,39.6

07/04/2005,20:38:40,nan,0.0,0.0,0.0,0.0,39.6

07/04/2005,20:53:40,nan,0.0,0.0,0.0,0.0,39.6

07/04/2005,21:08:40,nan,0.0,0.0,0.0,0.0,39.6

07/04/2005,21:23:40,nan,0.0,0.0,0.0,0.0,39.6

07/04/2005,21:38:40,nan,0.0,0.0,0.0,0.0,39.6

07/04/2005,21:53:40,nan,0.0,0.0,0.0,0.0,39.6

07/04/2005,22:08:40,nan,0.0,0.0,0.0,0.0,39.6

07/04/2005,22:23:40,nan,0.0,0.0,0.0,0.0,39.6

07/04/2005,22:38:40,nan,0.0,0.0,0.0,0.0,39.6

07/04/2005,22:53:40,nan,0.0,0.0,0.0,0.0,39.6

07/04/2005,23:08:40,nan,0.0,0.0,0.0,0.0,39.6

07/04/2005,23:23:40,nan,0.0,0.0,0.0,0.0,39.6

07/04/2005,23:38:40,nan,0.0,0.0,0.0,0.0,39.6

07/04/2005,23:53:40,nan,0.0,0.0,0.0,0.0,39.6

08/04/2005,00:08:40,nan,0.0,0.0,0.0,0.0,39.6

08/04/2005,00:23:40,nan,0.0,0.0,0.0,0.0,39.6

08/04/2005,00:38:40,nan,0.0,0.0,0.0,0.0,39.6

08/04/2005,00:53:40,nan,0.0,0.0,0.0,0.0,39.6

08/04/2005,01:08:40,nan,0.0,0.0,0.0,0.0,39.6

08/04/2005,01:23:40,nan,0.0,0.0,0.0,0.0,39.6

08/04/2005,01:38:40,nan,0.0,0.0,0.0,0.0,39.6

08/04/2005,01:53:40,nan,0.0,0.0,0.0,0.0,39.6

08/04/2005,02:08:40,nan,0.0,0.0,0.0,0.0,39.6

08/04/2005,02:23:40,nan,0.0,0.0,0.0,0.0,39.6

08/04/2005,02:38:40,nan,0.0,0.0,0.0,0.0,39.6

08/04/2005,02:53:40,nan,0.0,0.0,0.0,0.0,39.6

08/04/2005,03:08:40,nan,0.0,0.0,0.0,0.0,39.6

08/04/2005,03:23:40,nan,0.0,0.0,0.0,0.0,39.6

08/04/2005,03:38:40,nan,0.0,0.0,0.0,0.0,39.6

08/04/2005,03:53:40,nan,0.0,0.0,0.0,0.0,39.6

08/04/2005,04:08:40,nan,0.0,0.0,0.0,0.0,39.6

08/04/2005,04:23:40,nan,0.0,0.0,0.0,0.0,39.6

08/04/2005,04:38:40,nan,0.0,0.0,0.0,0.0,39.6

08/04/2005,04:53:40,nan,0.0,0.0,0.0,0.0,39.6

08/04/2005,05:08:40,nan,0.0,0.0,0.0,0.0,39.6

08/04/2005,05:23:40,nan,0.0,0.0,0.0,0.0,39.6

08/04/2005,05:38:40,nan,0.0,0.0,0.0,0.0,39.6

08/04/2005,05:53:40,nan,0.0,0.0,0.0,0.0,39.6

08/04/2005,06:08:40,nan,0.0,0.0,0.0,0.0,39.6

08/04/2005,06:23:40,nan,0.0,0.0,0.0,0.0,39.6

08/04/2005,06:38:40,nan,0.0,0.0,0.0,0.0,39.6

08/04/2005,06:53:40,nan,0.0,0.0,0.0,0.0,39.6

08/04/2005,07:08:40,nan,0.0,0.0,0.0,0.0,39.6

08/04/2005,07:23:40,nan,0.0,0.0,0.0,0.0,39.6

08/04/2005,07:38:40,nan,0.0,0.0,0.0,0.0,39.6

08/04/2005,07:53:40,nan,0.0,0.0,0.0,0.0,39.6

08/04/2005,08:08:40,nan,0.0,0.0,0.0,0.0,39.6

08/04/2005,08:23:40,nan,0.0,0.0,0.0,0.0,39.6

08/04/2005,08:38:40,nan,0.0,0.0,0.0,0.0,39.6

08/04/2005,08:53:40,nan,0.0,0.0,0.0,0.0,39.6

08/04/2005,09:08:40,nan,0.0,0.0,0.0,0.0,39.6

08/04/2005,09:23:40,nan,0.0,0.0,0.0,0.0,39.6

08/04/2005,09:38:40,nan,0.0,0.0,0.0,0.0,39.6

08/04/2005,09:53:40,nan,0.0,0.0,0.0,0.0,39.6

08/04/2005,10:08:40,nan,0.0,0.0,0.0,0.0,39.6

08/04/2005,10:23:40,nan,0.0,0.0,0.0,0.0,39.6

08/04/2005,10:38:40,nan,0.0,0.0,0.0,0.0,39.6

08/04/2005,10:53:40,nan,0.0,0.0,0.0,0.0,39.6

08/04/2005,11:08:40,nan,0.0,0.0,0.0,0.0,39.6

08/04/2005,11:23:40,nan,0.0,0.0,0.0,0.0,39.6

08/04/2005,11:38:40,nan,0.0,0.0,0.0,0.0,39.6

08/04/2005,11:53:40,nan,0.0,0.0,0.0,0.0,39.6

08/04/2005,12:08:40,nan,0.0,0.0,0.0,0.0,39.6

08/04/2005,12:23:40,nan,0.0,0.0,0.0,0.0,39.6

08/04/2005,12:38:40,nan,0.0,0.0,0.0,0.0,39.6

08/04/2005,12:53:40,nan,0.0,0.0,0.0,0.0,39.6

08/04/2005,13:08:40,nan,0.0,0.0,0.0,0.0,39.6

08/04/2005,13:23:40,nan,0.0,0.0,0.0,0.0,39.6

08/04/2005,13:38:40,nan,0.0,0.0,0.0,0.0,39.6

08/04/2005,13:53:40,nan,0.0,0.0,0.0,0.0,39.6

08/04/2005,14:08:40,nan,0.0,0.0,0.0,0.0,39.6

08/04/2005,14:23:40,nan,0.0,0.0,0.0,0.0,39.6

08/04/2005,14:38:40,nan,0.0,0.0,0.0,0.0,39.6

08/04/2005,14:53:40,nan,0.0,0.0,0.0,0.0,39.6

08/04/2005,15:08:40,nan,0.0,0.0,0.0,0.0,39.6

08/04/2005,15:23:40,nan,0.0,0.0,0.0,0.0,39.6

08/04/2005,15:38:40,nan,0.0,0.0,0.0,0.0,39.6

08/04/2005,15:53:40,nan,0.0,0.0,0.0,0.0,39.6

08/04/2005,16:08:40,nan,0.0,0.0,0.0,0.0,39.6

08/04/2005,16:23:40,nan,0.0,0.0,0.0,0.0,39.6

08/04/2005,16:38:40,nan,0.0,0.0,0.0,0.0,39.6

08/04/2005,16:53:40,nan,0.0,0.0,0.0,0.0,39.6

08/04/2005,17:08:40,nan,0.0,0.0,0.0,0.0,39.6

08/04/2005,17:23:40,nan,0.0,0.0,0.0,0.0,39.6

08/04/2005,17:38:40,nan,0.0,0.0,0.0,0.0,39.6

08/04/2005,17:53:40,nan,0.0,0.0,0.0,0.0,39.6

08/04/2005,18:08:40,nan,0.0,0.0,0.0,0.0,39.6

08/04/2005,18:23:40,nan,0.0,0.0,0.0,0.0,39.6

08/04/2005,18:38:40,nan,0.0,0.0,0.0,0.0,39.6

08/04/2005,18:53:40,nan,0.0,0.0,0.0,0.0,39.6

08/04/2005,19:08:40,nan,0.0,0.0,0.0,0.0,39.6

08/04/2005,19:23:40,nan,0.0,0.0,0.0,0.0,39.6

08/04/2005,19:38:40,nan,0.0,0.0,0.0,0.0,39.6

08/04/2005,19:53:40,nan,0.0,0.0,0.0,0.0,39.6

08/04/2005,20:08:40,nan,0.0,0.0,0.0,0.0,39.6

08/04/2005,20:23:40,nan,0.0,0.0,0.0,0.0,39.6

08/04/2005,20:38:40,nan,0.0,0.0,0.0,0.0,39.6

08/04/2005,20:53:40,nan,0.0,0.0,0.0,0.0,39.6

08/04/2005,21:08:40,nan,0.0,0.0,0.0,0.0,39.6

08/04/2005,21:23:40,nan,0.0,0.0,0.0,0.0,39.6

08/04/2005,21:38:40,nan,0.0,0.0,0.0,0.0,39.6

08/04/2005,21:53:40,nan,0.0,0.0,0.0,0.0,39.6

08/04/2005,22:08:40,nan,0.0,0.0,0.0,0.0,39.6

08/04/2005,22:23:40,nan,0.0,0.0,0.0,0.0,39.6

08/04/2005,22:38:40,nan,0.0,0.0,0.0,0.0,39.6

08/04/2005,22:53:40,nan,0.0,0.0,0.0,0.0,39.6

08/04/2005,23:08:40,nan,0.0,0.0,0.0,0.0,39.6

08/04/2005,23:23:40,nan,0.0,0.0,0.0,0.0,39.6

08/04/2005,23:38:40,nan,0.0,0.0,0.0,0.0,39.6

08/04/2005,23:53:40,nan,0.0,0.0,0.0,0.0,39.6

09/04/2005,00:08:40,nan,0.0,0.0,0.0,0.0,39.6

09/04/2005,00:23:40,nan,0.0,0.0,0.0,0.0,39.6

09/04/2005,00:38:40,nan,0.0,0.0,0.0,0.0,39.6

09/04/2005,00:53:40,nan,0.0,0.0,0.0,0.0,39.6

09/04/2005,01:08:40,nan,0.0,0.0,0.0,0.0,39.6

09/04/2005,01:23:40,nan,0.0,0.0,0.0,0.0,39.6

09/04/2005,01:38:40,nan,0.0,0.0,0.0,0.0,39.6

09/04/2005,01:53:40,nan,0.0,0.0,0.0,0.0,39.6

09/04/2005,02:08:40,nan,0.0,0.0,0.0,0.0,39.6

09/04/2005,02:23:40,nan,0.0,0.0,0.0,0.0,39.6

09/04/2005,02:38:40,nan,0.0,0.0,0.0,0.0,39.6

09/04/2005,02:53:40,nan,0.0,0.0,0.0,0.0,39.4

09/04/2005,03:08:40,nan,0.0,0.0,0.0,0.0,38.4

09/04/2005,03:23:40,nan,0.0,0.0,0.0,0.0,37.2

09/04/2005,03:38:40,nan,0.0,0.0,0.0,0.0,36.6

09/04/2005,03:53:40,nan,0.0,0.0,0.0,0.0,36.0

09/04/2005,04:08:40,nan,0.0,0.0,0.0,0.0,35.6

09/04/2005,04:23:40,nan,0.0,0.0,0.0,0.0,35.4

09/04/2005,04:38:40,nan,0.0,0.0,0.0,0.0,35.4

09/04/2005,04:53:40,nan,0.0,0.0,0.0,0.0,35.4

09/04/2005,05:08:40,nan,0.0,0.0,0.0,0.0,35.4

09/04/2005,05:23:40,nan,0.0,0.0,0.0,0.0,35.2

09/04/2005,05:38:40,nan,0.0,0.0,0.0,0.0,35.2

09/04/2005,05:53:40,nan,0.0,0.0,0.0,0.0,35.2

09/04/2005,06:08:40,nan,0.0,0.0,0.0,0.0,35.2

09/04/2005,06:23:40,nan,0.0,0.0,0.0,0.0,35.2

09/04/2005,06:38:40,nan,0.0,0.0,0.0,0.0,35.2

09/04/2005,06:53:40,nan,0.0,0.0,0.0,0.0,35.2

09/04/2005,07:08:40,nan,0.0,0.0,0.0,0.0,35.2

09/04/2005,07:23:40,nan,0.0,0.0,0.0,0.0,35.2

09/04/2005,07:38:40,nan,0.0,0.0,0.0,0.0,35.2

09/04/2005,07:53:40,nan,0.0,0.0,0.0,0.0,35.2

09/04/2005,08:08:40,nan,0.0,0.0,0.0,0.0,35.2

09/04/2005,08:23:40,nan,0.0,0.0,0.0,0.0,35.2

09/04/2005,08:38:40,nan,0.0,0.0,0.0,0.0,35.2

09/04/2005,08:53:40,nan,0.0,0.0,0.0,0.0,35.2

09/04/2005,09:08:40,nan,0.0,0.0,0.0,0.0,35.2

09/04/2005,09:23:40,nan,0.0,0.0,0.0,0.0,35.2

09/04/2005,09:38:40,nan,0.0,0.0,0.0,0.0,35.2

09/04/2005,09:53:40,nan,0.0,0.0,0.0,0.0,35.2

09/04/2005,10:08:40,nan,0.0,0.0,0.0,0.0,35.2

09/04/2005,10:23:40,nan,0.0,0.0,0.0,0.0,35.2

09/04/2005,10:38:40,nan,0.0,0.0,0.0,0.0,35.2

09/04/2005,10:53:40,nan,0.0,0.0,0.0,0.0,35.2

09/04/2005,11:08:40,nan,0.0,0.0,0.0,0.0,35.2

09/04/2005,11:23:40,nan,0.0,0.0,0.0,0.0,35.2

09/04/2005,11:38:40,nan,0.0,0.0,0.0,0.0,35.2

09/04/2005,11:53:40,nan,0.0,0.0,0.0,0.0,35.2

09/04/2005,12:08:40,nan,0.0,0.0,0.0,0.0,35.2

09/04/2005,12:23:40,nan,0.0,0.0,0.0,0.0,35.2

09/04/2005,12:38:40,nan,0.0,0.0,0.0,0.0,33.8

09/04/2005,12:53:40,nan,0.0,0.0,0.0,0.0,32.0

09/04/2005,13:08:40,nan,0.0,0.0,0.0,0.0,32.0

09/04/2005,13:23:40,nan,0.0,0.0,0.0,0.0,32.0

09/04/2005,13:38:40,nan,0.0,0.0,0.0,0.0,32.0

09/04/2005,13:53:40,nan,0.0,0.0,0.0,0.0,32.0

09/04/2005,14:08:40,nan,0.0,0.0,0.0,0.0,32.0

09/04/2005,14:23:40,nan,0.0,0.0,0.0,0.0,32.0

09/04/2005,14:38:40,nan,0.0,0.0,0.0,0.0,32.0

09/04/2005,14:53:40,nan,0.0,0.0,0.0,0.0,32.0

09/04/2005,15:08:40,nan,0.0,0.0,0.0,0.0,32.0

09/04/2005,15:23:40,nan,0.0,0.0,0.0,0.0,32.0

09/04/2005,15:38:40,nan,0.0,0.0,0.0,0.0,32.0

09/04/2005,15:53:40,nan,0.0,0.0,0.0,0.0,32.0

09/04/2005,16:08:40,nan,0.0,0.0,0.0,0.0,32.0

09/04/2005,16:23:40,nan,0.0,0.0,0.0,0.0,32.0

09/04/2005,16:38:40,nan,0.0,0.0,0.0,0.0,29.8

09/04/2005,16:53:40,nan,0.0,0.0,0.0,0.0,24.2

09/04/2005,17:08:40,nan,0.0,0.0,0.0,0.0,18.0

09/04/2005,17:23:40,nan,0.0,0.0,0.0,0.0,15.8

09/04/2005,17:38:40,nan,0.0,0.0,0.0,0.0,14.4

09/04/2005,17:53:40,nan,0.0,0.0,0.0,0.0,11.8

09/04/2005,18:08:40,nan,0.0,0.0,0.0,0.0,8.2

09/04/2005,18:23:40,nan,0.0,0.0,0.0,0.0,4.8

09/04/2005,18:38:40,nan,0.0,0.0,0.0,0.0,4.8

09/04/2005,18:53:40,nan,0.0,0.0,0.0,0.0,4.8

09/04/2005,19:08:40,nan,0.0,0.0,0.0,0.0,4.6

09/04/2005,19:23:40,nan,0.0,0.0,0.0,0.0,4.6

09/04/2005,19:38:40,nan,0.0,0.0,0.0,0.0,4.4

09/04/2005,19:53:40,nan,0.0,0.0,0.0,0.0,4.4

09/04/2005,20:08:40,nan,0.0,0.0,0.0,0.0,4.2

09/04/2005,20:23:40,nan,0.0,0.0,0.0,0.0,4.2

09/04/2005,20:38:40,nan,0.0,0.0,0.0,0.0,4.2

09/04/2005,20:53:40,nan,0.0,0.0,0.0,0.0,4.2

09/04/2005,21:08:40,nan,0.0,0.0,0.0,0.0,4.2

09/04/2005,21:23:40,nan,0.0,0.0,0.0,0.0,4.2

09/04/2005,21:38:40,nan,0.0,0.0,0.0,0.0,4.2

09/04/2005,21:53:40,nan,0.0,0.0,0.0,0.0,4.2

09/04/2005,22:08:40,nan,0.0,0.0,0.0,0.0,4.2

09/04/2005,22:23:40,nan,0.0,0.0,0.0,0.0,4.2

09/04/2005,22:38:40,nan,0.0,0.0,0.0,0.0,4.2

09/04/2005,22:53:40,nan,0.0,0.0,0.0,0.0,4.2

09/04/2005,23:08:40,nan,0.0,0.0,0.0,0.0,4.2

09/04/2005,23:23:40,nan,0.0,0.0,0.0,0.0,4.2

09/04/2005,23:38:40,nan,0.0,0.0,0.0,0.0,4.2

09/04/2005,23:53:40,nan,0.0,0.0,0.0,0.0,4.2

10/04/2005,00:08:40,nan,0.0,0.0,0.0,0.0,4.2

10/04/2005,00:23:40,nan,0.0,0.0,0.0,0.0,4.2

10/04/2005,00:38:40,nan,0.0,0.0,0.0,0.0,4.2

10/04/2005,00:53:40,nan,0.0,0.0,0.0,0.0,4.2

10/04/2005,01:08:40,nan,0.0,0.0,0.0,0.0,4.2

10/04/2005,01:23:40,nan,0.0,0.0,0.0,0.0,4.2

10/04/2005,01:38:40,nan,0.0,0.0,0.0,0.0,4.2

10/04/2005,01:53:40,nan,0.0,0.0,0.0,0.0,4.2

10/04/2005,02:08:40,nan,0.0,0.0,0.0,0.0,4.2

10/04/2005,02:23:40,nan,0.0,0.0,0.0,0.0,4.2

10/04/2005,02:38:40,nan,0.0,0.0,0.0,0.0,4.2

10/04/2005,02:53:40,nan,0.0,0.0,0.0,0.0,4.2

10/04/2005,03:08:40,nan,0.0,0.0,0.0,0.0,4.2

10/04/2005,03:23:40,nan,0.0,0.0,0.0,0.0,4.2

10/04/2005,03:38:40,nan,0.0,0.0,0.0,0.0,4.2

10/04/2005,03:53:40,nan,0.0,0.0,0.0,0.0,4.2

10/04/2005,04:08:40,nan,0.0,0.0,0.0,0.0,4.2

10/04/2005,04:23:40,nan,0.0,0.0,0.0,0.0,4.2

10/04/2005,04:38:40,nan,0.0,0.0,0.0,0.0,4.2

10/04/2005,04:53:40,nan,0.0,0.0,0.0,0.0,4.2

10/04/2005,05:08:40,nan,0.0,0.0,0.0,0.0,4.2

10/04/2005,05:23:40,nan,0.0,0.0,0.0,0.0,4.2

10/04/2005,05:38:40,nan,0.0,0.0,0.0,0.0,4.2

10/04/2005,05:53:40,nan,0.0,0.0,0.0,0.0,4.2

10/04/2005,06:08:40,nan,0.0,0.0,0.0,0.0,4.2

10/04/2005,06:23:40,nan,0.0,0.0,0.0,0.0,4.2

10/04/2005,06:38:40,nan,0.0,0.0,0.0,0.0,4.2

10/04/2005,06:53:40,nan,0.0,0.0,0.0,0.0,4.2

10/04/2005,07:08:40,nan,0.0,0.0,0.0,0.0,4.2

10/04/2005,07:23:40,nan,0.0,0.0,0.0,0.0,4.2

10/04/2005,07:38:40,nan,0.0,0.0,0.0,0.0,4.2

10/04/2005,07:53:40,nan,0.0,0.0,0.0,0.0,4.2

10/04/2005,08:08:40,nan,0.0,0.0,0.0,0.0,4.2

10/04/2005,08:23:40,nan,0.0,0.0,0.0,0.0,4.2

10/04/2005,08:38:40,nan,0.0,0.0,0.0,0.0,4.2

10/04/2005,08:53:40,nan,0.0,0.0,0.0,0.0,4.2

10/04/2005,09:08:40,nan,0.0,0.0,0.0,0.0,4.2

10/04/2005,09:23:40,nan,0.0,0.0,0.0,0.0,4.2

10/04/2005,09:38:40,nan,0.0,0.0,0.0,0.0,4.2

10/04/2005,09:53:40,nan,0.0,0.0,0.0,0.0,4.2

10/04/2005,10:08:40,nan,0.0,0.0,0.0,0.0,3.6

10/04/2005,10:23:40,nan,0.0,0.0,0.0,0.0,0.0

10/04/2005,10:38:40,nan,0.0,0.0,0.0,0.0,0.0

10/04/2005,10:53:40,nan,0.0,0.0,0.0,0.0,0.0

10/04/2005,11:08:40,nan,0.0,0.0,0.0,0.0,0.0

10/04/2005,11:23:40,nan,0.0,0.0,0.0,0.0,0.0

10/04/2005,11:38:40,nan,0.0,0.0,0.0,0.0,0.0

10/04/2005,11:53:40,nan,0.0,0.0,0.0,0.0,0.0

10/04/2005,12:08:40,nan,0.0,0.0,0.0,0.0,0.0

10/04/2005,12:23:40,nan,0.0,0.0,0.0,0.0,0.0

10/04/2005,12:38:40,nan,0.0,0.0,0.0,0.0,0.0

10/04/2005,12:53:40,nan,0.0,0.0,0.0,0.0,0.0

10/04/2005,13:08:40,nan,0.0,0.0,0.0,0.0,0.0

10/04/2005,13:23:40,nan,0.0,0.0,0.0,0.0,0.0

10/04/2005,13:38:40,nan,0.0,0.0,0.0,0.0,0.0

10/04/2005,13:53:40,nan,0.0,0.0,0.0,0.0,0.0

10/04/2005,14:08:40,nan,0.0,0.0,0.0,0.0,0.0

10/04/2005,14:23:40,nan,0.0,0.0,0.0,0.0,0.0

10/04/2005,14:38:40,nan,0.0,0.0,0.0,0.0,0.0

10/04/2005,14:53:40,nan,0.0,0.0,0.0,0.0,0.0

10/04/2005,15:08:40,nan,0.0,0.0,0.0,0.0,0.0

10/04/2005,15:23:40,nan,0.0,0.0,0.0,0.0,0.0

10/04/2005,15:38:40,nan,0.0,0.0,0.0,0.0,0.0

10/04/2005,15:53:40,nan,0.0,0.0,0.0,0.0,0.0

10/04/2005,16:08:40,nan,0.0,0.0,0.0,0.0,0.0

10/04/2005,16:23:40,nan,0.0,0.0,0.0,0.0,0.0

10/04/2005,16:38:40,nan,0.0,0.0,0.0,0.0,0.0

10/04/2005,16:53:40,nan,0.0,0.0,0.0,0.0,0.0

10/04/2005,17:08:40,nan,0.0,0.0,0.0,0.0,0.0

10/04/2005,17:23:40,nan,0.0,0.0,0.0,0.0,0.0

10/04/2005,17:38:40,nan,0.0,0.0,0.0,0.0,0.0

10/04/2005,17:53:40,nan,0.0,0.0,0.0,0.0,0.0

10/04/2005,18:08:40,nan,0.0,0.0,0.0,0.0,0.0

10/04/2005,18:23:40,nan,0.0,0.0,0.0,0.0,0.0

10/04/2005,18:38:40,nan,0.0,0.0,0.0,0.0,0.0

10/04/2005,18:53:40,nan,0.0,0.0,0.0,0.0,0.0

10/04/2005,19:08:40,nan,0.0,0.0,0.0,0.0,0.0

10/04/2005,19:23:40,nan,0.0,0.0,0.0,0.0,0.0

10/04/2005,19:38:40,nan,0.0,0.0,0.0,0.0,0.0

10/04/2005,19:53:40,nan,0.0,0.0,0.0,0.0,0.0

10/04/2005,20:08:40,nan,0.0,0.0,0.0,0.0,0.0

10/04/2005,20:23:40,nan,0.0,0.0,0.0,0.0,0.0

10/04/2005,20:38:40,nan,0.0,0.0,0.0,0.0,0.0

10/04/2005,20:53:40,nan,0.0,0.0,0.0,0.0,0.0

10/04/2005,21:08:40,nan,0.0,0.0,0.0,0.0,0.0

10/04/2005,21:23:40,nan,0.0,0.0,0.0,0.0,0.0

10/04/2005,21:38:40,nan,0.0,0.0,0.0,0.0,0.0

10/04/2005,21:53:40,nan,0.0,0.0,0.0,0.0,0.0

10/04/2005,22:08:40,nan,0.0,0.0,0.0,0.0,0.0

10/04/2005,22:23:40,nan,0.0,0.0,0.0,0.0,0.0

10/04/2005,22:38:40,nan,0.0,0.0,0.0,0.0,0.0

10/04/2005,22:53:40,nan,0.0,0.0,0.0,0.0,0.0

10/04/2005,23:08:40,nan,0.0,0.0,0.0,0.0,0.0

10/04/2005,23:23:40,nan,0.0,0.0,0.0,0.0,0.0

10/04/2005,23:38:40,nan,0.0,0.0,0.0,0.0,0.0

10/04/2005,23:53:40,nan,0.0,0.0,0.0,0.0,0.0

11/04/2005,00:08:40,nan,0.0,0.0,0.0,0.0,0.0

11/04/2005,00:23:40,nan,0.0,0.0,0.0,0.0,0.0

11/04/2005,00:38:40,nan,0.0,0.0,0.0,0.0,0.0

11/04/2005,00:53:40,nan,0.0,0.0,0.0,0.0,0.0

11/04/2005,01:08:40,nan,0.0,0.0,0.0,0.0,0.0

11/04/2005,01:23:40,nan,0.0,0.0,0.0,0.0,0.0

11/04/2005,01:38:40,nan,0.0,0.0,0.0,0.0,0.0

11/04/2005,01:53:40,nan,0.0,0.0,0.0,0.0,0.0

11/04/2005,02:08:40,nan,0.0,0.0,0.0,0.0,0.0

11/04/2005,02:23:40,nan,0.0,0.0,0.0,0.0,0.0

11/04/2005,02:38:40,nan,0.0,0.0,0.0,0.0,0.0

11/04/2005,02:53:40,nan,0.0,0.0,0.0,0.0,0.0

11/04/2005,03:08:40,nan,0.0,0.0,0.0,0.0,0.0

11/04/2005,03:23:40,nan,0.0,0.0,0.0,0.0,0.0

11/04/2005,03:38:40,nan,0.0,0.0,0.0,0.0,0.0

11/04/2005,03:53:40,nan,0.0,0.0,0.0,0.0,0.0

11/04/2005,04:08:40,nan,0.0,0.0,0.0,0.0,0.0

11/04/2005,04:23:40,nan,0.0,0.0,0.0,0.0,0.0

11/04/2005,04:38:40,nan,0.0,0.0,0.0,0.0,0.0

11/04/2005,04:53:40,nan,0.0,0.0,0.0,0.0,0.0

11/04/2005,05:08:40,nan,0.0,0.0,0.0,0.0,0.0

11/04/2005,05:23:40,nan,0.0,0.0,0.0,0.0,0.0

11/04/2005,05:38:40,nan,0.0,0.0,0.0,0.0,0.0

11/04/2005,05:53:40,nan,0.0,0.0,0.0,0.0,0.0

11/04/2005,06:08:40,nan,0.0,0.0,0.0,0.0,0.0

11/04/2005,06:23:40,nan,0.0,0.0,0.0,0.0,0.0

11/04/2005,06:38:40,nan,0.0,0.0,0.0,0.0,0.0

11/04/2005,06:53:40,nan,0.0,0.0,0.0,0.0,0.0

11/04/2005,07:08:40,nan,0.0,0.0,0.0,0.0,0.0

11/04/2005,07:23:40,nan,0.0,0.0,0.0,0.0,0.0

11/04/2005,07:38:40,nan,0.0,0.0,0.0,0.0,0.0

11/04/2005,07:53:40,nan,0.0,0.0,0.0,0.0,0.0

11/04/2005,08:08:40,nan,0.0,0.0,0.0,0.0,0.0

11/04/2005,08:23:40,nan,0.0,0.0,0.0,0.0,0.0

11/04/2005,08:38:40,nan,0.0,0.0,0.0,0.0,0.0

11/04/2005,08:53:40,nan,0.0,0.0,0.0,0.0,0.0

11/04/2005,09:08:40,nan,0.0,0.0,0.0,0.0,0.0

11/04/2005,09:23:40,nan,0.0,0.0,0.0,0.0,0.0

11/04/2005,09:38:40,nan,0.0,0.0,0.0,0.0,0.0

11/04/2005,09:53:40,nan,0.0,0.0,0.0,0.0,0.0

11/04/2005,10:08:40,nan,0.0,0.0,0.0,0.0,0.0

11/04/2005,10:23:40,nan,0.0,0.0,0.0,0.0,0.0

11/04/2005,10:38:40,nan,0.0,0.0,0.0,0.0,0.0

11/04/2005,10:53:40,nan,0.0,0.0,0.0,0.0,0.0

11/04/2005,11:08:40,nan,0.0,0.0,0.0,0.0,0.0

11/04/2005,11:23:40,nan,0.0,0.0,0.0,0.0,0.0

11/04/2005,11:38:40,nan,0.0,0.0,0.0,0.0,0.0

11/04/2005,11:53:40,nan,0.0,0.0,0.0,0.0,0.0

11/04/2005,12:08:40,nan,0.0,0.0,0.0,0.0,0.0

11/04/2005,12:23:40,nan,0.0,0.0,0.0,0.0,0.0

11/04/2005,12:38:40,nan,0.0,0.0,0.0,0.0,0.0

11/04/2005,12:53:40,nan,0.0,0.0,0.0,0.0,0.0

11/04/2005,13:08:40,nan,0.0,0.0,0.0,0.0,0.0

11/04/2005,13:23:40,nan,0.0,0.0,0.0,0.0,0.0

11/04/2005,13:38:40,nan,0.0,0.0,0.0,0.0,0.0

11/04/2005,13:53:40,nan,0.0,0.0,0.0,0.0,0.0

11/04/2005,14:08:40,nan,0.0,0.0,0.0,0.0,0.0

11/04/2005,14:23:40,nan,0.0,0.0,0.0,0.0,0.0

11/04/2005,14:38:40,nan,0.0,0.0,0.0,0.0,0.0

11/04/2005,14:53:40,nan,0.0,0.0,0.0,0.0,0.0

11/04/2005,15:08:40,nan,0.0,0.0,0.0,0.0,0.0

11/04/2005,15:23:40,nan,0.0,0.0,0.0,0.0,0.0

11/04/2005,15:38:40,nan,0.0,0.0,0.0,0.0,0.0

11/04/2005,15:53:40,nan,0.0,0.0,0.0,0.0,0.0

11/04/2005,16:08:40,nan,0.0,0.0,0.0,0.0,0.0

11/04/2005,16:23:40,nan,0.0,0.0,0.0,0.0,0.0

11/04/2005,16:38:40,nan,0.0,0.0,0.0,0.0,0.0

11/04/2005,16:53:40,nan,0.0,0.0,0.0,0.0,0.0

11/04/2005,17:08:40,nan,0.0,0.0,0.0,0.0,0.0

11/04/2005,17:23:40,nan,0.0,0.0,0.0,0.0,0.0

11/04/2005,17:38:40,nan,0.0,0.0,0.0,0.0,0.0

11/04/2005,17:53:40,nan,0.0,0.0,0.0,0.0,0.0

11/04/2005,18:08:40,nan,0.0,0.0,0.0,0.0,0.0

11/04/2005,18:23:40,nan,0.0,0.0,0.0,0.0,0.0

11/04/2005,18:38:40,nan,0.0,0.0,0.0,0.0,0.0

11/04/2005,18:53:40,nan,0.0,0.0,0.0,0.0,0.0

11/04/2005,19:08:40,nan,0.0,0.0,0.0,0.0,0.0

11/04/2005,19:23:40,nan,0.0,0.0,0.0,0.0,0.0

11/04/2005,19:38:40,nan,0.0,0.0,0.0,0.0,0.0

11/04/2005,19:53:40,nan,0.0,0.0,0.0,0.0,0.0

11/04/2005,20:08:40,nan,0.0,0.0,0.0,0.0,0.0

11/04/2005,20:23:40,nan,0.0,0.0,0.0,0.0,0.0

11/04/2005,20:38:40,nan,0.0,0.0,0.0,0.0,0.0

11/04/2005,20:53:40,nan,0.0,0.0,0.0,0.0,0.0

11/04/2005,21:08:40,nan,0.0,0.0,0.0,0.0,0.0

11/04/2005,21:23:40,nan,0.0,0.0,0.0,0.0,0.0

11/04/2005,21:38:40,nan,0.0,0.0,0.0,0.0,0.0

11/04/2005,21:53:40,nan,0.0,0.0,0.0,0.0,0.0

11/04/2005,22:08:40,nan,0.0,0.0,0.0,0.0,0.0

11/04/2005,22:23:40,nan,0.0,0.0,0.0,0.0,0.0

11/04/2005,22:38:40,nan,0.0,0.0,0.0,0.0,0.0

11/04/2005,22:53:40,nan,0.0,0.0,0.0,0.0,0.0

11/04/2005,23:08:40,nan,0.0,0.0,0.0,0.0,0.0

11/04/2005,23:23:40,nan,0.0,0.0,0.0,0.0,0.0

11/04/2005,23:38:40,nan,0.0,0.0,0.0,0.0,0.0

11/04/2005,23:53:40,nan,0.0,0.0,0.0,0.0,0.0

12/04/2005,00:08:40,nan,0.0,0.0,0.0,0.0,0.0

12/04/2005,00:23:40,nan,0.0,0.0,0.0,0.0,0.0

12/04/2005,00:38:40,nan,0.0,0.0,0.0,0.0,0.0

12/04/2005,00:53:40,nan,0.0,0.0,0.0,0.0,0.0

12/04/2005,01:08:40,nan,0.0,0.0,0.0,0.0,0.0

12/04/2005,01:23:40,nan,0.0,0.0,0.0,0.0,0.0

12/04/2005,01:38:40,nan,0.0,0.0,0.0,0.0,0.0

12/04/2005,01:53:40,nan,0.0,0.0,0.0,0.0,0.0

12/04/2005,02:08:40,nan,0.0,0.0,0.0,0.0,0.0

12/04/2005,02:23:40,nan,0.0,0.0,0.0,0.0,0.0

12/04/2005,02:38:40,nan,0.0,0.0,0.0,0.0,0.0

12/04/2005,02:53:40,nan,0.0,0.0,0.0,0.0,0.0

12/04/2005,03:08:40,nan,0.0,0.0,0.0,0.0,0.0

12/04/2005,03:23:40,nan,0.0,0.0,0.0,0.0,0.0

12/04/2005,03:38:40,nan,0.0,0.0,0.0,0.0,0.0

12/04/2005,03:53:40,nan,0.0,0.0,0.0,0.0,0.0

12/04/2005,04:08:40,nan,0.0,0.0,0.0,0.0,0.0

12/04/2005,04:23:40,nan,0.0,0.0,0.0,0.0,0.0

12/04/2005,04:38:40,nan,0.0,0.0,0.0,0.0,0.0

12/04/2005,04:53:40,nan,0.0,0.0,0.0,0.0,0.0

12/04/2005,05:08:40,nan,0.0,0.0,0.0,0.0,0.0

12/04/2005,05:23:40,nan,0.0,0.0,0.0,0.0,0.0

12/04/2005,05:38:40,nan,0.0,0.0,0.0,0.0,0.0

12/04/2005,05:53:40,nan,0.0,0.0,0.0,0.0,0.0

12/04/2005,06:08:40,nan,0.0,0.0,0.0,0.0,0.0

12/04/2005,06:23:40,nan,0.0,0.0,0.0,0.0,0.0

12/04/2005,06:38:40,nan,0.0,0.0,0.0,0.0,0.0

12/04/2005,06:53:40,nan,0.0,0.0,0.0,0.0,0.0

12/04/2005,07:08:40,nan,0.0,0.0,0.0,0.0,0.0

12/04/2005,07:23:40,nan,0.0,0.0,0.0,0.0,0.0

12/04/2005,07:38:40,nan,0.0,0.0,0.0,0.0,0.0

12/04/2005,07:53:40,nan,0.0,0.0,0.0,0.0,0.0

12/04/2005,08:08:40,nan,0.0,0.0,0.0,0.0,0.0

12/04/2005,08:23:40,nan,0.0,0.0,0.0,0.0,0.0

12/04/2005,08:38:40,nan,0.0,0.0,0.0,0.0,0.0

12/04/2005,08:53:40,nan,0.0,0.0,0.0,0.0,0.0

12/04/2005,09:08:40,nan,0.0,0.0,0.0,0.0,0.0

12/04/2005,09:23:40,nan,0.0,0.0,0.0,0.0,0.0

12/04/2005,09:38:40,nan,0.0,0.0,0.0,0.0,0.0

12/04/2005,09:53:40,nan,0.0,0.0,0.0,0.0,0.0

12/04/2005,10:08:40,nan,0.0,0.0,0.0,0.0,0.0

12/04/2005,10:23:40,nan,0.0,0.0,0.0,0.0,0.0

12/04/2005,10:38:40,nan,0.0,0.0,0.0,0.0,0.0

12/04/2005,10:53:40,nan,0.0,0.0,0.0,0.0,0.0

12/04/2005,11:08:40,nan,0.0,0.0,0.0,0.0,0.0

12/04/2005,11:23:40,nan,0.0,0.0,0.0,0.0,0.0

12/04/2005,11:38:40,nan,0.0,0.0,0.0,0.0,0.0

12/04/2005,11:53:40,nan,0.0,0.0,0.0,0.0,0.0

12/04/2005,12:08:40,nan,0.0,0.0,0.0,0.0,0.0

12/04/2005,12:23:40,nan,0.0,0.0,0.0,0.0,0.0

12/04/2005,12:38:40,nan,0.0,0.0,0.0,0.0,0.0

12/04/2005,12:53:40,nan,0.0,0.0,0.0,0.0,0.0

12/04/2005,13:08:40,nan,0.0,0.0,0.0,0.0,0.0

12/04/2005,13:23:40,nan,0.0,0.0,0.0,0.0,0.0

12/04/2005,13:38:40,nan,0.0,0.0,0.0,0.0,0.0

12/04/2005,13:53:40,nan,0.0,0.0,0.0,0.0,0.0

12/04/2005,14:08:40,nan,0.0,0.0,0.0,0.0,0.0

12/04/2005,14:23:40,nan,0.0,0.0,0.0,0.0,0.0

12/04/2005,14:38:40,nan,0.0,0.0,0.0,0.0,0.0

12/04/2005,14:53:40,nan,0.0,0.0,0.0,0.0,0.0

12/04/2005,15:08:40,nan,0.0,0.0,0.0,0.0,0.0

12/04/2005,15:23:40,nan,0.0,0.0,0.0,0.0,0.0

12/04/2005,15:38:40,nan,0.0,0.0,0.0,0.0,0.0

12/04/2005,15:53:40,nan,0.0,0.0,0.0,0.0,0.0

12/04/2005,16:08:40,nan,0.0,0.0,0.0,0.0,0.0

12/04/2005,16:23:40,nan,0.0,0.0,0.0,0.0,0.0

12/04/2005,16:38:40,nan,0.0,0.0,0.0,0.0,0.0

12/04/2005,16:53:40,nan,0.0,0.0,0.0,0.0,0.0

12/04/2005,17:08:40,nan,0.0,0.0,0.0,0.0,0.0

12/04/2005,17:23:40,nan,0.0,0.0,0.0,0.0,0.0

12/04/2005,17:38:40,nan,0.0,0.0,0.0,0.0,0.0

12/04/2005,17:53:40,nan,0.0,0.0,0.0,0.0,0.0

12/04/2005,18:08:40,nan,0.0,0.0,0.0,0.0,0.0

12/04/2005,18:23:40,nan,0.0,0.0,0.0,0.0,0.0

12/04/2005,18:38:40,nan,0.0,0.0,0.0,0.0,0.0

12/04/2005,18:53:40,nan,0.0,0.0,0.0,0.0,0.0

12/04/2005,19:08:40,nan,0.0,0.0,0.0,0.0,0.0

12/04/2005,19:23:40,nan,0.0,0.0,0.0,0.0,0.0

12/04/2005,19:38:40,nan,0.0,0.0,0.0,0.0,0.0

12/04/2005,19:53:40,nan,0.0,0.0,0.0,0.0,0.0

12/04/2005,20:08:40,nan,0.0,0.0,0.0,0.0,0.0

12/04/2005,20:23:40,nan,0.0,0.0,0.0,0.0,0.0

12/04/2005,20:38:40,nan,0.0,0.0,0.0,0.0,0.0

12/04/2005,20:53:40,nan,0.0,0.0,0.0,0.0,0.0

12/04/2005,21:08:40,nan,0.0,0.0,0.0,0.0,0.0

12/04/2005,21:23:40,nan,0.0,0.0,0.0,0.0,0.0

12/04/2005,21:38:40,nan,0.0,0.0,0.0,0.0,0.0

12/04/2005,21:53:40,nan,0.0,0.0,0.0,0.0,0.0

12/04/2005,22:08:40,nan,0.0,0.0,0.0,0.0,0.0

12/04/2005,22:23:40,nan,0.0,0.0,0.0,0.0,0.0

12/04/2005,22:38:40,nan,0.0,0.0,0.0,0.0,0.0

12/04/2005,22:53:40,nan,0.0,0.0,0.0,0.0,0.0

12/04/2005,23:08:40,nan,0.0,0.0,0.0,0.0,0.0

12/04/2005,23:23:40,nan,0.0,0.0,0.0,0.0,0.0

12/04/2005,23:38:40,nan,0.0,0.0,0.0,0.0,0.0

12/04/2005,23:53:40,nan,0.0,0.0,0.0,0.0,0.0

13/04/2005,00:08:40,nan,0.0,0.0,0.0,0.0,0.0

13/04/2005,00:23:40,nan,0.0,0.0,0.0,0.0,0.0

13/04/2005,00:38:40,nan,0.0,0.0,0.0,0.0,0.0

13/04/2005,00:53:40,nan,0.0,0.0,0.0,0.0,0.0

13/04/2005,01:08:40,nan,0.0,0.0,0.0,0.0,0.0

13/04/2005,01:23:40,nan,0.0,0.0,0.0,0.0,0.0

13/04/2005,01:38:40,nan,0.0,0.0,0.0,0.0,0.0

13/04/2005,01:53:40,nan,0.0,0.0,0.0,0.0,0.0

13/04/2005,02:08:40,nan,0.0,0.0,0.0,0.0,0.0

13/04/2005,02:23:40,nan,0.0,0.0,0.0,0.0,0.0

13/04/2005,02:38:40,nan,0.0,0.0,0.0,0.0,0.0

13/04/2005,02:53:40,nan,0.0,0.0,0.0,0.0,0.0

13/04/2005,03:08:40,nan,0.0,0.0,0.0,0.0,0.0

13/04/2005,03:23:40,nan,0.0,0.0,0.0,0.0,0.0

13/04/2005,03:38:40,nan,0.0,0.0,0.0,0.0,0.0

13/04/2005,03:53:40,nan,0.0,0.0,0.0,0.0,0.0

13/04/2005,04:08:40,nan,0.0,0.0,0.0,0.0,0.0

13/04/2005,04:23:40,nan,0.0,0.0,0.0,0.0,0.0

13/04/2005,04:38:40,nan,0.0,0.0,0.0,0.0,0.0

13/04/2005,04:53:40,nan,0.0,0.0,0.0,0.0,0.0

13/04/2005,05:08:40,nan,0.0,0.0,0.0,0.0,0.0

13/04/2005,05:23:40,nan,0.0,0.0,0.0,0.0,0.0

13/04/2005,05:38:40,nan,0.0,0.0,0.0,0.0,0.0

13/04/2005,05:53:40,nan,0.0,0.0,0.0,0.0,0.0

13/04/2005,06:08:40,nan,0.0,0.0,0.0,0.0,0.0

13/04/2005,06:23:40,nan,0.0,0.0,0.0,0.0,0.0

13/04/2005,06:38:40,nan,0.0,0.0,0.0,0.0,0.0

13/04/2005,06:53:40,nan,0.0,0.0,0.0,0.0,0.0

13/04/2005,07:08:40,nan,0.0,0.0,0.0,0.0,0.0

13/04/2005,07:23:40,nan,0.0,0.0,0.0,0.0,0.0

13/04/2005,07:38:40,nan,0.0,0.0,0.0,0.0,0.0

13/04/2005,07:53:40,nan,0.0,0.0,0.0,0.0,0.0

13/04/2005,08:08:40,nan,0.0,0.0,0.0,0.0,0.0

13/04/2005,08:23:40,nan,0.0,0.0,0.0,0.0,0.0

13/04/2005,08:38:40,nan,0.0,0.0,0.0,0.0,0.0

13/04/2005,08:53:40,nan,0.0,0.0,0.0,0.0,0.0

13/04/2005,09:08:40,nan,0.0,0.0,0.0,0.0,0.0

13/04/2005,09:23:40,nan,0.0,0.0,0.0,0.0,0.0

13/04/2005,09:38:40,nan,0.0,0.0,0.0,0.0,0.0

13/04/2005,09:53:40,nan,0.0,0.0,0.0,0.0,0.0

13/04/2005,10:08:40,nan,0.0,0.0,0.0,0.0,0.0

13/04/2005,10:23:40,nan,0.0,0.0,0.0,0.0,0.0

13/04/2005,10:38:40,nan,0.0,0.0,0.0,0.0,0.0

13/04/2005,10:53:40,nan,0.0,0.0,0.0,0.0,0.0

13/04/2005,11:08:40,nan,0.0,0.0,0.0,0.0,0.0

13/04/2005,11:23:40,nan,0.0,0.0,0.0,0.0,0.0

13/04/2005,11:38:40,nan,0.0,0.0,0.0,0.0,0.0

13/04/2005,11:53:40,nan,0.0,0.0,0.0,0.0,0.0

13/04/2005,12:08:40,nan,0.0,0.0,0.0,0.0,0.0

13/04/2005,12:23:40,nan,0.0,0.0,0.0,0.0,0.0

13/04/2005,12:38:40,nan,0.0,0.0,0.0,0.0,0.0

13/04/2005,12:53:40,nan,0.0,0.0,0.0,0.0,0.0

13/04/2005,13:08:40,nan,0.0,0.0,0.0,0.0,0.0

13/04/2005,13:23:40,nan,0.0,0.0,0.0,0.0,0.0

13/04/2005,13:38:40,nan,0.0,0.0,0.0,0.0,0.0

13/04/2005,13:53:40,nan,0.0,0.0,0.0,0.0,0.0

13/04/2005,14:08:40,nan,0.0,0.0,0.0,0.0,0.0

13/04/2005,14:23:40,nan,0.0,0.0,0.0,0.0,0.0

13/04/2005,14:38:40,nan,0.0,0.0,0.0,0.0,0.0

13/04/2005,14:53:40,nan,0.0,0.0,0.0,0.0,0.0

13/04/2005,15:08:40,nan,0.0,0.0,0.0,0.0,0.0

13/04/2005,15:23:40,nan,0.0,0.0,0.0,0.0,0.0

13/04/2005,15:38:40,nan,0.0,0.0,0.0,0.0,0.0

13/04/2005,15:53:40,nan,0.0,0.0,0.0,0.0,0.0

13/04/2005,16:08:40,nan,0.0,0.0,0.0,0.0,0.0

13/04/2005,16:23:40,nan,0.0,0.0,0.0,0.0,0.0

13/04/2005,16:38:40,nan,0.0,0.0,0.0,0.0,0.0

13/04/2005,16:53:40,nan,0.0,0.0,0.0,0.0,0.0

13/04/2005,17:08:40,nan,0.0,0.0,0.0,0.0,0.0

13/04/2005,17:23:40,nan,0.0,0.0,0.0,0.0,0.0

13/04/2005,17:38:40,nan,0.0,0.0,0.0,0.0,0.0

13/04/2005,17:53:40,nan,0.0,0.0,0.0,0.0,0.0

13/04/2005,18:08:40,nan,0.0,0.0,0.0,0.0,0.0

13/04/2005,18:23:40,nan,0.0,0.0,0.0,0.0,0.0

13/04/2005,18:38:40,nan,0.0,0.0,0.0,0.0,0.0

13/04/2005,18:53:40,nan,0.0,0.0,0.0,0.0,0.0

13/04/2005,19:08:40,nan,0.0,0.0,0.0,0.0,0.0

13/04/2005,19:23:40,nan,0.0,0.0,0.0,0.0,0.0

13/04/2005,19:38:40,nan,0.0,0.0,0.0,0.0,0.0

13/04/2005,19:53:40,nan,0.0,0.0,0.0,0.0,0.0

13/04/2005,20:08:40,nan,0.0,0.0,0.0,0.0,0.0

13/04/2005,20:23:40,nan,0.0,0.0,0.0,0.0,0.0

13/04/2005,20:38:40,nan,0.0,0.0,0.0,0.0,0.0

13/04/2005,20:53:40,nan,0.0,0.0,0.0,0.0,0.0

13/04/2005,21:08:40,nan,0.0,0.0,0.0,0.0,0.0

13/04/2005,21:23:40,nan,0.0,0.0,0.0,0.0,0.0

13/04/2005,21:38:40,nan,0.0,0.0,0.0,0.0,0.0

13/04/2005,21:53:40,nan,0.0,0.0,0.0,0.0,0.0

13/04/2005,22:08:40,nan,0.0,0.0,0.0,0.0,0.0

13/04/2005,22:23:40,nan,0.0,0.0,0.0,0.0,0.0

13/04/2005,22:38:40,nan,0.0,0.0,0.0,0.0,0.0

13/04/2005,22:53:40,nan,0.0,0.0,0.0,0.0,0.0

13/04/2005,23:08:40,nan,0.0,0.0,0.0,0.0,0.0

13/04/2005,23:23:40,nan,0.0,0.0,0.0,0.0,0.0

13/04/2005,23:38:40,nan,0.0,0.0,0.0,0.0,0.0

13/04/2005,23:53:40,nan,0.0,0.0,0.0,0.0,0.0

14/04/2005,00:08:40,nan,0.0,0.0,0.0,0.0,0.0

14/04/2005,00:23:40,nan,0.0,0.0,0.0,0.0,0.0

14/04/2005,00:38:40,nan,0.0,0.0,0.0,0.0,0.0

14/04/2005,00:53:40,nan,0.0,0.0,0.0,0.0,0.0

14/04/2005,01:08:40,nan,0.0,0.0,0.0,0.0,0.0

14/04/2005,01:23:40,nan,0.0,0.0,0.0,0.0,0.0

14/04/2005,01:38:40,nan,0.0,0.0,0.0,0.0,0.0

14/04/2005,01:53:40,nan,0.0,0.0,0.0,0.0,0.0

14/04/2005,02:08:40,nan,0.0,0.0,0.0,0.0,0.0

14/04/2005,02:23:40,nan,0.0,0.0,0.0,0.0,0.0

14/04/2005,02:38:40,nan,0.0,0.0,0.0,0.0,0.0

14/04/2005,02:53:40,nan,0.0,0.0,0.0,0.0,0.0

14/04/2005,03:08:40,nan,0.0,0.0,0.0,0.0,0.0

14/04/2005,03:23:40,nan,0.0,0.0,0.0,0.0,0.0

14/04/2005,03:38:40,nan,0.0,0.0,0.0,0.0,0.0

14/04/2005,03:53:40,nan,0.0,0.0,0.0,0.0,0.0

14/04/2005,04:08:40,nan,0.0,0.0,0.0,0.0,0.0

14/04/2005,04:23:40,nan,0.0,0.0,0.0,0.0,0.0

14/04/2005,04:38:40,nan,0.0,0.0,0.0,0.0,0.0

14/04/2005,04:53:40,nan,0.0,0.0,0.0,0.0,0.0

14/04/2005,05:08:40,nan,0.0,0.0,0.0,0.0,0.0

14/04/2005,05:23:40,nan,0.0,0.0,0.0,0.0,0.0

14/04/2005,05:38:40,nan,0.0,0.0,0.0,0.0,0.0

14/04/2005,05:53:40,nan,0.0,0.0,0.0,0.0,0.0

14/04/2005,06:08:40,nan,0.0,0.0,0.0,0.0,0.0

14/04/2005,06:23:40,nan,0.0,0.0,0.0,0.0,0.0

14/04/2005,06:38:40,nan,0.0,0.0,0.0,0.0,0.0

14/04/2005,06:53:40,nan,0.0,0.0,0.0,0.0,0.0

14/04/2005,07:08:40,nan,0.0,0.0,0.0,0.0,0.0

14/04/2005,07:23:40,nan,0.0,0.0,0.0,0.0,0.0

14/04/2005,07:38:40,nan,0.0,0.0,0.0,0.0,0.0

14/04/2005,07:53:40,nan,0.0,0.0,0.0,0.0,0.0

14/04/2005,08:08:40,nan,0.0,0.0,0.0,0.0,0.0

14/04/2005,08:23:40,nan,0.0,0.0,0.0,0.0,0.0

14/04/2005,08:38:40,nan,0.0,0.0,0.0,0.0,0.0

14/04/2005,08:53:40,nan,0.0,0.0,0.0,0.0,0.0

14/04/2005,09:08:40,nan,0.0,0.0,0.0,0.0,0.0

14/04/2005,09:23:40,nan,0.0,0.0,0.0,0.0,0.0

14/04/2005,09:38:40,nan,0.0,0.0,0.0,0.0,0.0

14/04/2005,09:53:40,nan,0.0,0.0,0.0,0.0,0.0

14/04/2005,10:08:40,nan,0.0,0.0,0.0,0.0,0.0

14/04/2005,10:23:40,nan,0.0,0.0,0.0,0.0,0.0

14/04/2005,10:38:40,nan,0.0,0.0,0.0,0.0,0.0

14/04/2005,10:53:40,nan,0.0,0.0,0.0,0.0,0.0

14/04/2005,11:08:40,nan,0.0,0.0,0.0,0.0,0.0

14/04/2005,11:23:40,nan,0.0,0.0,0.0,0.0,0.0

14/04/2005,11:38:40,nan,0.0,0.0,0.0,0.0,0.0

14/04/2005,11:53:40,nan,0.0,0.0,0.0,0.0,0.0

14/04/2005,12:08:40,nan,0.0,0.0,0.0,0.0,0.0

14/04/2005,12:23:40,nan,0.0,0.0,0.0,0.0,0.0

14/04/2005,12:38:40,nan,0.0,0.0,0.0,0.0,0.0

14/04/2005,12:53:40,nan,0.0,0.0,0.0,0.0,0.0

14/04/2005,13:08:40,nan,0.0,0.0,0.0,0.0,0.0

14/04/2005,13:23:40,nan,0.0,0.0,0.0,0.0,0.0

14/04/2005,13:38:40,nan,0.0,0.0,0.0,0.0,0.0

14/04/2005,13:53:40,nan,0.0,0.0,0.0,0.0,0.0

14/04/2005,14:08:40,nan,0.0,0.0,0.0,0.0,0.0

14/04/2005,14:23:40,nan,0.0,0.0,0.0,0.0,0.0

14/04/2005,14:38:40,nan,0.0,0.0,0.0,0.0,0.0

14/04/2005,14:53:40,nan,0.0,0.0,0.0,0.0,0.0

14/04/2005,15:08:40,nan,0.0,0.0,0.0,0.0,0.0

14/04/2005,15:23:40,nan,0.0,0.0,0.0,0.0,0.0

14/04/2005,15:38:40,nan,0.0,0.0,0.0,0.0,0.0

14/04/2005,15:53:40,nan,0.0,0.0,0.0,0.0,0.0

14/04/2005,16:08:40,nan,0.0,0.0,0.0,0.0,0.0

14/04/2005,16:23:40,nan,0.0,0.0,0.0,0.0,0.0

14/04/2005,16:38:40,nan,0.0,0.0,0.0,0.0,0.0

14/04/2005,16:53:40,nan,0.0,0.0,0.0,0.0,0.0

14/04/2005,17:08:40,nan,0.0,0.0,0.0,0.0,0.0

14/04/2005,17:23:40,nan,0.0,0.0,0.0,0.0,0.0

14/04/2005,17:38:40,nan,0.0,0.0,0.0,0.0,0.0

14/04/2005,17:53:40,nan,0.0,0.0,0.0,0.0,0.0

14/04/2005,18:08:40,nan,0.0,0.0,0.0,0.0,0.0

14/04/2005,18:23:40,nan,0.0,0.0,0.0,0.0,0.0

14/04/2005,18:38:40,nan,0.0,0.0,0.0,0.0,0.0

14/04/2005,18:53:40,nan,0.0,0.0,0.0,0.0,0.0

14/04/2005,19:08:40,nan,0.0,0.0,0.0,0.0,0.0

14/04/2005,19:23:40,nan,0.0,0.0,0.0,0.0,0.0

14/04/2005,19:38:40,nan,0.0,0.0,0.0,0.0,0.0

14/04/2005,19:53:40,nan,0.0,0.0,0.0,0.0,0.0

14/04/2005,20:08:40,nan,0.0,0.0,0.0,0.0,0.0

14/04/2005,20:23:40,nan,0.0,0.0,0.0,0.0,0.0

14/04/2005,20:38:40,nan,0.0,0.0,0.0,0.0,0.0

14/04/2005,20:53:40,nan,0.0,0.0,0.0,0.0,0.0

14/04/2005,21:08:40,nan,0.0,0.0,0.0,0.0,0.0

14/04/2005,21:23:40,nan,0.0,0.0,0.0,0.0,0.0

14/04/2005,21:38:40,nan,0.0,0.0,0.0,0.0,0.0

14/04/2005,21:53:40,nan,0.0,0.0,0.0,0.0,0.0

14/04/2005,22:08:40,nan,0.0,0.0,0.0,0.0,0.0

14/04/2005,22:23:40,nan,0.0,0.0,0.0,0.0,0.0

14/04/2005,22:38:40,nan,0.0,0.0,0.0,0.0,0.0

14/04/2005,22:53:40,nan,0.0,0.0,0.0,0.0,0.0

14/04/2005,23:08:40,nan,0.0,0.0,0.0,0.0,0.0

14/04/2005,23:23:40,nan,0.0,0.0,0.0,0.0,0.0

14/04/2005,23:38:40,nan,0.0,0.0,0.0,0.0,0.0

14/04/2005,23:53:40,nan,0.0,0.0,0.0,0.0,0.0

15/04/2005,00:08:40,nan,0.0,0.0,0.0,0.0,0.0

15/04/2005,00:23:40,nan,0.0,0.0,0.0,0.0,0.0

15/04/2005,00:38:40,nan,0.0,0.0,0.0,0.0,0.0

15/04/2005,00:53:40,nan,0.0,0.0,0.0,0.0,0.0

15/04/2005,01:08:40,nan,0.0,0.0,0.0,0.0,0.0

15/04/2005,01:23:40,nan,0.0,0.0,0.0,0.0,0.0

15/04/2005,01:38:40,nan,0.0,0.0,0.0,0.0,0.0

15/04/2005,01:53:40,nan,0.0,0.0,0.0,0.0,0.0

15/04/2005,02:08:40,nan,0.0,0.0,0.0,0.0,0.0

15/04/2005,02:23:40,nan,0.0,0.0,0.0,0.0,0.0

15/04/2005,02:38:40,nan,0.0,0.0,0.0,0.0,0.0

15/04/2005,02:53:40,nan,0.0,0.0,0.0,0.0,0.0

15/04/2005,03:08:40,nan,0.0,0.0,0.0,0.0,0.0

15/04/2005,03:23:40,nan,0.0,0.0,0.0,0.0,0.0

15/04/2005,03:38:40,nan,0.0,0.0,0.0,0.0,0.0

15/04/2005,03:53:40,nan,0.0,0.0,0.0,0.0,0.0

15/04/2005,04:08:40,nan,0.0,0.0,0.0,0.0,0.0

15/04/2005,04:23:40,nan,0.0,0.0,0.0,0.0,0.0

15/04/2005,04:38:40,nan,0.0,0.0,0.0,0.0,0.0

15/04/2005,04:53:40,nan,0.0,0.0,0.0,0.0,0.0

15/04/2005,05:08:40,nan,0.0,0.0,0.0,0.0,0.0

15/04/2005,05:23:40,nan,0.0,0.0,0.0,0.0,0.0

15/04/2005,05:38:40,nan,0.0,0.0,0.0,0.0,0.0

15/04/2005,05:53:40,nan,0.0,0.0,0.0,0.0,0.0

15/04/2005,06:08:40,nan,0.0,0.0,0.0,0.0,0.0

15/04/2005,06:23:40,nan,0.0,0.0,0.0,0.0,0.0

15/04/2005,06:38:40,nan,0.0,0.0,0.0,0.0,0.0

15/04/2005,06:53:40,nan,0.0,0.0,0.0,0.0,0.0

15/04/2005,07:08:40,nan,0.0,0.0,0.0,0.0,0.0

15/04/2005,07:23:40,nan,0.0,0.0,0.0,0.0,0.0

15/04/2005,07:38:40,nan,0.0,0.0,0.0,0.0,0.0

15/04/2005,07:53:40,nan,0.0,0.0,0.0,0.0,0.0

15/04/2005,08:08:40,nan,0.0,0.0,0.0,0.0,0.0

15/04/2005,08:23:40,nan,0.0,0.0,0.0,0.0,0.0

15/04/2005,08:38:40,nan,0.0,0.0,0.0,0.0,0.0

15/04/2005,08:53:40,nan,0.0,0.0,0.0,0.0,0.0

15/04/2005,09:08:40,nan,0.0,0.0,0.0,0.0,0.0

15/04/2005,09:23:40,nan,0.0,0.0,0.0,0.0,0.0

15/04/2005,09:38:40,nan,0.0,0.0,0.0,0.0,0.0

15/04/2005,09:53:40,nan,0.0,0.0,0.0,0.0,0.0

15/04/2005,10:08:40,nan,0.0,0.0,0.0,0.0,0.0

15/04/2005,10:23:40,nan,0.0,0.0,0.0,0.0,0.0

15/04/2005,10:38:40,nan,0.0,0.0,0.0,0.0,0.0

15/04/2005,10:53:40,nan,0.0,0.0,0.0,0.0,0.0

15/04/2005,11:08:40,nan,0.0,0.0,0.0,0.0,0.0

15/04/2005,11:23:40,nan,0.0,0.0,0.0,0.0,0.0

15/04/2005,11:38:40,nan,0.0,0.0,0.0,0.0,0.0

15/04/2005,11:53:40,nan,0.0,0.0,0.0,0.0,0.0

15/04/2005,12:08:40,nan,0.0,0.0,0.0,0.0,0.0

15/04/2005,12:23:40,nan,0.0,0.0,0.0,0.0,0.0

15/04/2005,12:38:40,nan,0.0,0.0,0.0,0.0,0.0

15/04/2005,12:53:40,nan,0.0,0.0,0.0,0.0,0.0

15/04/2005,13:08:40,nan,0.0,0.0,0.0,0.0,0.0

15/04/2005,13:23:40,nan,0.0,0.0,0.0,0.0,0.0

15/04/2005,13:38:40,nan,0.0,0.0,0.0,0.0,0.0

15/04/2005,13:53:40,nan,0.0,0.0,0.0,0.0,0.0

15/04/2005,14:08:40,nan,0.0,0.0,0.0,0.0,0.0

15/04/2005,14:23:40,nan,0.0,0.0,0.0,0.0,0.0

15/04/2005,14:38:40,nan,0.0,0.0,0.0,0.0,0.0

15/04/2005,14:53:40,nan,0.0,0.0,0.0,0.0,0.0

15/04/2005,15:08:40,nan,0.0,0.0,0.0,0.0,0.0

15/04/2005,15:23:40,nan,0.0,0.0,0.0,0.0,0.0

15/04/2005,15:38:40,nan,0.0,0.0,0.0,0.0,0.0

15/04/2005,15:53:40,nan,0.0,0.0,0.0,0.0,0.0

15/04/2005,16:08:40,nan,0.0,0.0,0.0,0.0,0.0

15/04/2005,16:23:40,nan,0.0,0.0,0.0,0.0,0.0

15/04/2005,16:38:40,nan,0.0,0.0,0.0,0.0,0.0

15/04/2005,16:53:40,nan,0.0,0.0,0.0,0.0,0.0

15/04/2005,17:08:40,nan,0.0,0.0,0.0,0.0,0.0

15/04/2005,17:23:40,nan,0.0,0.0,0.0,0.0,0.0

15/04/2005,17:38:40,nan,0.0,0.0,0.0,0.0,0.0

15/04/2005,17:53:40,nan,0.0,0.0,0.0,0.0,0.0

15/04/2005,18:08:40,nan,0.0,0.0,0.0,0.0,0.0

15/04/2005,18:23:40,nan,0.0,0.0,0.0,0.0,0.0

15/04/2005,18:38:40,nan,0.0,0.0,0.0,0.0,0.0

15/04/2005,18:53:40,nan,0.0,0.0,0.0,0.0,0.0

15/04/2005,19:08:40,nan,0.0,0.0,0.0,0.0,0.0

15/04/2005,19:23:40,nan,0.0,0.0,0.0,0.0,0.0

15/04/2005,19:38:40,nan,0.0,0.0,0.0,0.0,0.0

15/04/2005,19:53:40,nan,0.0,0.0,0.0,0.0,0.0

15/04/2005,20:08:40,nan,0.0,0.0,0.0,0.0,0.0

15/04/2005,20:23:40,nan,0.0,0.0,0.0,0.0,0.0

15/04/2005,20:38:40,nan,0.0,0.0,0.0,0.0,0.0

15/04/2005,20:53:40,nan,0.0,0.0,0.0,0.0,0.0

15/04/2005,21:08:40,nan,0.0,0.0,0.0,0.0,0.0

15/04/2005,21:23:40,nan,0.0,0.0,0.0,0.0,0.0

15/04/2005,21:38:40,nan,0.0,0.0,0.0,0.0,0.0

15/04/2005,21:53:40,nan,0.0,0.0,0.0,0.0,0.0

15/04/2005,22:08:40,nan,0.0,0.0,0.0,0.0,0.0

15/04/2005,22:23:40,nan,0.0,0.0,0.0,0.0,0.0

15/04/2005,22:38:40,nan,0.0,0.0,0.0,0.0,0.0

15/04/2005,22:53:40,nan,0.0,0.0,0.0,0.0,0.0

15/04/2005,23:08:40,nan,0.0,0.0,0.0,0.0,0.0

15/04/2005,23:23:40,nan,0.0,0.0,0.0,0.0,0.0

15/04/2005,23:38:40,nan,0.0,0.0,0.0,0.0,0.0

15/04/2005,23:53:40,nan,0.0,0.0,0.0,0.0,0.0

16/04/2005,00:08:40,nan,0.0,0.0,0.0,0.0,0.0

16/04/2005,00:23:40,nan,0.0,0.0,0.0,0.0,0.0

16/04/2005,00:38:40,nan,0.0,0.0,0.0,0.0,0.0

16/04/2005,00:53:40,nan,0.0,0.0,0.0,0.0,0.0

16/04/2005,01:08:40,nan,0.0,0.0,0.0,0.0,0.0

16/04/2005,01:23:40,nan,0.0,0.0,0.0,0.0,0.0

16/04/2005,01:38:40,nan,0.0,0.0,0.0,0.0,0.0

16/04/2005,01:53:40,nan,0.0,0.0,0.0,0.0,0.0

16/04/2005,02:08:40,nan,0.0,0.0,0.0,0.0,0.0

16/04/2005,02:23:40,nan,0.0,0.0,0.0,0.0,0.0

16/04/2005,02:38:40,nan,0.0,0.0,0.0,0.0,0.0

16/04/2005,02:53:40,nan,0.0,0.0,0.0,0.0,0.0

16/04/2005,03:08:40,nan,0.0,0.0,0.0,0.0,0.0

16/04/2005,03:23:40,nan,0.0,0.0,0.0,0.0,0.0

16/04/2005,03:38:40,nan,0.0,0.0,0.0,0.0,0.0

16/04/2005,03:53:40,nan,0.0,0.0,0.0,0.0,0.0

16/04/2005,04:08:40,nan,0.0,0.0,0.0,0.0,0.0

16/04/2005,04:23:40,nan,0.0,0.0,0.0,0.0,0.0

16/04/2005,04:38:40,nan,0.0,0.0,0.0,0.0,0.0

16/04/2005,04:53:40,nan,0.0,0.0,0.0,0.0,0.0

16/04/2005,05:08:40,nan,0.0,0.0,0.0,0.0,0.0

16/04/2005,05:23:40,nan,0.0,0.0,0.0,0.0,0.0

16/04/2005,05:38:40,nan,0.0,0.0,0.0,0.0,0.0

16/04/2005,05:53:40,nan,0.0,0.0,0.0,0.0,0.0

16/04/2005,06:08:40,nan,0.0,0.0,0.0,0.0,0.0

16/04/2005,06:23:40,nan,0.0,0.0,0.0,0.0,0.0

16/04/2005,06:38:40,nan,0.0,0.0,0.0,0.0,0.0

16/04/2005,06:53:40,nan,0.0,0.0,0.0,0.0,0.0

16/04/2005,07:08:40,nan,0.0,0.0,0.0,0.0,0.0

16/04/2005,07:23:40,nan,0.0,0.0,0.0,0.0,0.0

16/04/2005,07:38:40,nan,0.0,0.0,0.0,0.0,0.0

16/04/2005,07:53:40,nan,0.0,0.0,0.0,0.0,0.0

16/04/2005,08:08:40,nan,0.0,0.0,0.0,0.0,0.0

16/04/2005,08:23:40,nan,0.0,0.0,0.0,0.0,0.0

16/04/2005,08:38:40,nan,0.0,0.0,0.0,0.0,0.0

16/04/2005,08:53:40,nan,0.0,0.0,0.0,0.0,0.0

16/04/2005,09:08:40,nan,0.0,0.0,0.0,0.0,0.0

16/04/2005,09:23:40,nan,0.0,0.0,0.0,0.0,0.0

16/04/2005,09:38:40,nan,0.0,0.0,0.0,0.0,0.0

16/04/2005,09:53:40,nan,0.0,0.0,0.0,0.0,0.0

16/04/2005,10:08:40,nan,0.0,0.0,0.0,0.0,0.0

16/04/2005,10:23:40,nan,0.0,0.0,0.0,0.0,0.0

16/04/2005,10:38:40,nan,0.0,0.0,0.0,0.0,0.0

16/04/2005,10:53:40,nan,0.0,0.0,0.0,0.0,0.0

16/04/2005,11:08:40,nan,0.0,0.0,0.0,0.0,0.0

16/04/2005,11:23:40,nan,0.0,0.0,0.0,0.0,0.0

16/04/2005,11:38:40,nan,0.0,0.0,0.0,0.0,0.0

16/04/2005,11:53:40,nan,0.0,0.0,0.0,0.0,0.0

16/04/2005,12:08:40,nan,0.0,0.0,0.0,0.0,0.0

16/04/2005,12:23:40,nan,0.0,0.0,0.0,0.0,0.0

16/04/2005,12:38:40,nan,0.0,0.0,0.0,0.0,0.0

16/04/2005,12:53:40,nan,0.0,0.0,0.0,0.0,0.0

16/04/2005,13:08:40,nan,0.0,0.0,0.0,0.0,0.0

16/04/2005,13:23:40,nan,0.0,0.0,0.0,0.0,0.0

16/04/2005,13:38:40,nan,0.0,0.0,0.0,0.0,0.0

16/04/2005,13:53:40,nan,0.0,0.0,0.0,0.0,0.0

16/04/2005,14:08:40,nan,0.0,0.0,0.0,0.0,0.0

16/04/2005,14:23:40,nan,0.0,0.0,0.0,0.0,0.0

16/04/2005,14:38:40,nan,0.0,0.0,0.0,0.0,0.0

16/04/2005,14:53:40,nan,0.0,0.0,0.0,0.0,0.0

16/04/2005,15:08:40,nan,0.0,0.0,0.0,0.0,0.0

16/04/2005,15:23:40,nan,0.0,0.0,0.0,0.0,0.0

16/04/2005,15:38:40,nan,0.0,0.0,0.0,0.0,0.0

16/04/2005,15:53:40,nan,0.0,0.0,0.0,0.0,0.0

16/04/2005,16:08:40,nan,0.0,0.0,0.0,0.0,0.0

16/04/2005,16:23:40,nan,0.0,0.0,0.0,0.0,0.0

16/04/2005,16:38:40,nan,0.0,0.0,0.0,0.0,0.0

16/04/2005,16:53:40,nan,0.0,0.0,0.0,0.0,0.0

16/04/2005,17:08:40,nan,0.0,0.0,0.0,0.0,0.0

16/04/2005,17:23:40,nan,0.0,0.0,0.0,0.0,0.0

16/04/2005,17:38:40,nan,0.0,0.0,0.0,0.0,0.0

16/04/2005,17:53:40,nan,0.0,0.0,0.0,0.0,0.0

16/04/2005,18:08:40,nan,0.0,0.0,0.0,0.0,0.0

16/04/2005,18:23:40,nan,0.0,0.0,0.0,0.0,0.0

16/04/2005,18:38:40,nan,0.0,0.0,0.0,0.0,0.0

16/04/2005,18:53:40,nan,0.0,0.0,0.0,0.0,0.0

16/04/2005,19:08:40,nan,0.0,0.0,0.0,0.0,0.0

16/04/2005,19:23:40,nan,0.0,0.0,0.0,0.0,0.0

16/04/2005,19:38:40,nan,0.0,0.0,0.0,0.0,0.0

16/04/2005,19:53:40,nan,0.0,0.0,0.0,0.0,0.0

16/04/2005,20:08:40,nan,0.0,0.0,0.0,0.0,0.0

16/04/2005,20:23:40,nan,0.0,0.0,0.0,0.0,0.0

16/04/2005,20:38:40,nan,0.0,0.0,0.0,0.0,0.0

16/04/2005,20:53:40,nan,0.0,0.0,0.0,0.0,0.0

16/04/2005,21:08:40,nan,0.0,0.0,0.0,0.0,0.0

16/04/2005,21:23:40,nan,0.0,0.0,0.0,0.0,0.0

16/04/2005,21:38:40,nan,0.0,0.0,0.0,0.0,0.0

16/04/2005,21:53:40,nan,0.0,0.0,0.0,0.0,0.0

16/04/2005,22:08:40,nan,0.0,0.0,0.0,0.0,0.0

16/04/2005,22:23:40,nan,0.0,0.0,0.0,0.0,0.0

16/04/2005,22:38:40,nan,0.0,0.0,0.0,0.0,0.0

16/04/2005,22:53:40,nan,0.0,0.0,0.0,0.0,0.0

16/04/2005,23:08:40,nan,0.0,0.0,0.0,0.0,0.0

16/04/2005,23:23:40,nan,0.0,0.0,0.0,0.0,0.0

16/04/2005,23:38:40,nan,0.0,0.0,0.0,0.0,0.0

16/04/2005,23:53:40,nan,0.0,0.0,0.0,0.0,0.0

17/04/2005,00:08:40,nan,0.0,0.0,0.0,0.0,0.0

17/04/2005,00:23:40,nan,0.0,0.0,0.0,0.0,0.0

17/04/2005,00:38:40,nan,0.0,0.0,0.0,0.0,0.0

17/04/2005,00:53:40,nan,0.0,0.0,0.0,0.0,0.0

17/04/2005,01:08:40,nan,0.0,0.0,0.0,0.0,0.0

17/04/2005,01:23:40,nan,0.0,0.0,0.0,0.0,0.0

17/04/2005,01:38:40,nan,0.0,0.0,0.0,0.0,0.0

17/04/2005,01:53:40,nan,0.0,0.0,0.0,0.0,0.0

17/04/2005,02:08:40,nan,0.0,0.0,0.0,0.0,0.0

17/04/2005,02:23:40,nan,0.0,0.0,0.0,0.0,0.0

17/04/2005,02:38:40,nan,0.0,0.0,0.0,0.0,0.0

17/04/2005,02:53:40,nan,0.0,0.0,0.0,0.0,0.0

17/04/2005,03:08:40,nan,0.0,0.0,0.0,0.0,0.0

17/04/2005,03:23:40,nan,0.0,0.0,0.0,0.0,0.0

17/04/2005,03:38:40,nan,0.0,0.0,0.0,0.0,0.0

17/04/2005,03:53:40,nan,0.0,0.0,0.0,0.0,0.0

17/04/2005,04:08:40,nan,0.0,0.0,0.0,0.0,0.0

17/04/2005,04:23:40,nan,0.0,0.0,0.0,0.0,0.0

17/04/2005,04:38:40,nan,0.0,0.0,0.0,0.0,0.0

17/04/2005,04:53:40,nan,0.0,0.0,0.0,0.0,0.0

17/04/2005,05:08:40,nan,0.0,0.0,0.0,0.0,0.0

17/04/2005,05:23:40,nan,0.0,0.0,0.0,0.0,0.0

17/04/2005,05:38:40,nan,0.0,0.0,0.0,0.0,0.0

17/04/2005,05:53:40,nan,0.0,0.0,0.0,0.0,0.0

17/04/2005,06:08:40,nan,0.0,0.0,0.0,0.0,0.0

17/04/2005,06:23:40,nan,0.0,0.0,0.0,0.0,0.0

17/04/2005,06:38:40,nan,0.0,0.0,0.0,0.0,0.0

17/04/2005,06:53:40,nan,0.0,0.0,0.0,0.0,0.0

17/04/2005,07:08:40,nan,0.0,0.0,0.0,0.0,0.0

17/04/2005,07:23:40,nan,0.0,0.0,0.0,0.0,0.0

17/04/2005,07:38:40,nan,0.0,0.0,0.0,0.0,0.0

17/04/2005,07:53:40,nan,0.0,0.0,0.0,0.0,0.0

17/04/2005,08:08:40,nan,0.0,0.0,0.0,0.0,0.0

17/04/2005,08:23:40,nan,0.0,0.0,0.0,0.0,0.0

17/04/2005,08:38:40,nan,0.0,0.0,0.0,0.0,0.0

17/04/2005,08:53:40,nan,0.0,0.0,0.0,0.0,0.0

17/04/2005,09:08:40,nan,0.0,0.0,0.0,0.0,0.0

17/04/2005,09:23:40,nan,0.0,0.0,0.0,0.0,0.0

17/04/2005,09:38:40,nan,0.0,0.0,0.0,0.0,0.0

17/04/2005,09:53:40,nan,0.0,0.0,0.0,0.0,0.0

17/04/2005,10:08:40,nan,0.0,0.0,0.0,0.0,0.0

17/04/2005,10:23:40,nan,0.0,0.0,0.0,0.0,0.0

17/04/2005,10:38:40,nan,4.6,4.6,4.6,4.6,4.6

17/04/2005,10:53:40,nan,1.2,5.8,5.8,5.8,5.8

17/04/2005,11:08:40,nan,0.2,6.0,6.0,6.0,6.0

17/04/2005,11:23:40,nan,0.0,6.0,6.0,6.0,6.0

17/04/2005,11:38:40,nan,0.2,1.6,6.2,6.2,6.2

17/04/2005,11:53:40,nan,0.0,0.4,6.2,6.2,6.2

17/04/2005,12:08:40,nan,0.0,0.2,6.2,6.2,6.2

17/04/2005,12:23:40,nan,0.0,0.2,6.2,6.2,6.2

17/04/2005,12:38:40,nan,0.0,0.0,6.2,6.2,6.2

17/04/2005,12:53:40,nan,0.0,0.0,6.2,6.2,6.2

17/04/2005,13:08:40,nan,0.0,0.0,6.2,6.2,6.2

17/04/2005,13:23:40,nan,0.0,0.0,6.2,6.2,6.2

17/04/2005,13:38:40,nan,0.0,0.0,6.2,6.2,6.2

17/04/2005,13:53:40,nan,0.0,0.0,6.2,6.2,6.2

17/04/2005,14:08:40,nan,0.0,0.0,6.2,6.2,6.2

17/04/2005,14:23:40,nan,0.0,0.0,6.2,6.2,6.2

17/04/2005,14:38:40,nan,0.0,0.0,1.6,6.2,6.2

17/04/2005,14:53:40,nan,0.0,0.0,0.4,6.2,6.2

17/04/2005,15:08:40,nan,0.8,0.8,1.0,7.0,7.0

17/04/2005,15:23:40,nan,0.0,0.8,1.0,7.0,7.0

17/04/2005,15:38:40,nan,0.0,0.8,0.8,7.0,7.0

17/04/2005,15:53:40,nan,0.0,0.8,0.8,7.0,7.0

17/04/2005,16:08:40,nan,0.0,0.0,0.8,7.0,7.0

17/04/2005,16:23:40,nan,0.0,0.0,0.8,7.0,7.0

17/04/2005,16:38:40,nan,0.0,0.0,0.8,7.0,7.0

17/04/2005,16:53:40,nan,0.0,0.0,0.8,7.0,7.0

17/04/2005,17:08:40,nan,0.0,0.0,0.8,7.0,7.0

17/04/2005,17:23:40,nan,0.0,0.0,0.8,7.0,7.0

17/04/2005,17:38:40,nan,0.0,0.0,0.8,7.0,7.0

17/04/2005,17:53:40,nan,0.0,0.0,0.8,7.0,7.0

17/04/2005,18:08:40,nan,0.0,0.0,0.8,7.0,7.0

17/04/2005,18:23:40,nan,0.0,0.0,0.8,7.0,7.0

17/04/2005,18:38:40,nan,0.0,0.0,0.8,7.0,7.0

17/04/2005,18:53:40,nan,0.0,0.0,0.8,7.0,7.0

17/04/2005,19:08:40,nan,0.0,0.0,0.0,7.0,7.0

17/04/2005,19:23:40,nan,0.0,0.0,0.0,7.0,7.0

17/04/2005,19:38:40,nan,0.0,0.0,0.0,7.0,7.0

17/04/2005,19:53:40,nan,0.0,0.0,0.0,7.0,7.0

17/04/2005,20:08:40,nan,0.0,0.0,0.0,7.0,7.0

17/04/2005,20:23:40,nan,0.0,0.0,0.0,7.0,7.0

17/04/2005,20:38:40,nan,0.0,0.0,0.0,7.0,7.0

17/04/2005,20:53:40,nan,0.0,0.0,0.0,7.0,7.0

17/04/2005,21:08:40,nan,0.0,0.0,0.0,7.0,7.0

17/04/2005,21:23:40,nan,0.0,0.0,0.0,7.0,7.0

17/04/2005,21:38:40,nan,0.0,0.0,0.0,7.0,7.0

17/04/2005,21:53:40,nan,0.0,0.0,0.0,7.0,7.0

17/04/2005,22:08:40,nan,0.0,0.0,0.0,7.0,7.0

17/04/2005,22:23:40,nan,0.0,0.0,0.0,7.0,7.0

17/04/2005,22:38:40,nan,0.0,0.0,0.0,7.0,7.0

17/04/2005,22:53:40,nan,0.2,0.2,0.2,7.2,7.2

17/04/2005,23:08:40,nan,0.2,0.4,0.4,7.4,7.4

17/04/2005,23:23:40,nan,0.0,0.4,0.4,7.4,7.4

17/04/2005,23:38:40,nan,0.0,0.4,0.4,7.4,7.4

17/04/2005,23:53:40,nan,0.0,0.2,0.4,7.4,7.4

18/04/2005,00:08:40,nan,0.0,0.0,0.4,7.4,7.4

18/04/2005,00:23:40,nan,0.0,0.0,0.4,7.4,7.4

18/04/2005,00:38:40,nan,0.0,0.0,0.4,7.4,7.4

18/04/2005,00:53:40,nan,0.0,0.0,0.4,7.4,7.4

18/04/2005,01:08:40,nan,0.0,0.0,0.4,7.4,7.4

18/04/2005,01:23:40,nan,0.0,0.0,0.4,7.4,7.4

18/04/2005,01:38:40,nan,0.0,0.0,0.4,7.4,7.4

18/04/2005,01:53:40,nan,0.0,0.0,0.4,7.4,7.4

18/04/2005,02:08:40,nan,0.0,0.0,0.4,7.4,7.4

18/04/2005,02:23:40,nan,0.0,0.0,0.4,7.4,7.4

18/04/2005,02:38:40,nan,0.0,0.0,0.4,7.4,7.4

18/04/2005,02:53:40,nan,0.0,0.0,0.2,7.4,7.4

18/04/2005,03:08:40,nan,0.0,0.0,0.0,7.4,7.4

18/04/2005,03:23:40,nan,0.0,0.0,0.0,7.4,7.4

18/04/2005,03:38:40,nan,1.0,1.0,1.0,8.4,8.4

18/04/2005,03:53:40,nan,0.6,1.6,1.6,9.0,9.0

18/04/2005,04:08:40,nan,0.4,2.0,2.0,9.4,9.4

18/04/2005,04:23:40,nan,0.0,2.0,2.0,9.4,9.4

18/04/2005,04:38:40,nan,0.0,1.0,2.0,9.4,9.4

18/04/2005,04:53:40,nan,0.0,0.4,2.0,9.4,9.4

18/04/2005,05:08:40,nan,0.0,0.0,2.0,9.4,9.4

18/04/2005,05:23:40,nan,0.0,0.0,2.0,9.4,9.4

18/04/2005,05:38:40,nan,0.0,0.0,2.0,9.4,9.4

18/04/2005,05:53:40,nan,0.2,0.2,2.2,9.6,9.6

18/04/2005,06:08:40,nan,0.0,0.2,2.2,9.6,9.6

18/04/2005,06:23:40,nan,0.0,0.2,2.2,9.6,9.6

18/04/2005,06:38:40,nan,0.0,0.2,2.2,9.6,9.6

18/04/2005,06:53:40,nan,0.0,0.0,2.2,9.6,9.6

18/04/2005,07:08:40,nan,0.0,0.0,2.2,9.6,9.6

18/04/2005,07:23:40,nan,0.0,0.0,2.2,9.6,9.6

18/04/2005,07:38:40,nan,0.0,0.0,1.2,9.6,9.6

18/04/2005,07:53:40,nan,0.0,0.0,0.6,9.6,9.6

18/04/2005,08:08:40,nan,0.0,0.0,0.2,9.6,9.6

18/04/2005,08:23:40,nan,0.0,0.0,0.2,9.6,9.6

18/04/2005,08:38:40,nan,0.0,0.0,0.2,9.6,9.6

18/04/2005,08:53:40,nan,0.0,0.0,0.2,9.6,9.6

18/04/2005,09:08:40,nan,0.0,0.0,0.2,9.6,9.6

18/04/2005,09:23:40,nan,0.0,0.0,0.2,9.6,9.6

18/04/2005,09:38:40,nan,0.0,0.0,0.2,9.6,9.6

18/04/2005,09:53:40,nan,0.6,0.6,0.6,10.2,10.2

18/04/2005,10:08:40,nan,0.2,0.8,0.8,10.4,10.4

18/04/2005,10:23:40,nan,0.0,0.8,0.8,10.4,10.4

18/04/2005,10:38:40,nan,0.0,0.8,0.8,5.8,10.4

18/04/2005,10:53:40,nan,0.0,0.2,0.8,4.6,10.4

18/04/2005,11:08:40,nan,0.0,0.0,0.8,4.4,10.4

18/04/2005,11:23:40,nan,0.0,0.0,0.8,4.4,10.4

18/04/2005,11:38:40,nan,0.0,0.0,0.8,4.2,10.4

18/04/2005,11:53:40,nan,0.0,0.0,0.8,4.2,10.4

18/04/2005,12:08:40,nan,0.0,0.0,0.8,4.2,10.4

18/04/2005,12:23:40,nan,0.0,0.0,0.8,4.2,10.4

18/04/2005,12:38:40,nan,0.0,0.0,0.8,4.2,10.4

18/04/2005,12:53:40,nan,0.0,0.0,0.8,4.2,10.4

18/04/2005,13:08:40,nan,0.0,0.0,0.8,4.2,10.4

18/04/2005,13:23:40,nan,0.0,0.0,0.8,4.2,10.4

18/04/2005,13:38:40,nan,0.2,0.2,1.0,4.4,10.6

18/04/2005,13:53:40,nan,1.0,1.2,1.4,5.4,11.6

18/04/2005,14:08:40,nan,0.4,1.6,1.6,5.8,12.0

18/04/2005,14:23:40,nan,0.0,1.6,1.6,5.8,12.0

18/04/2005,14:38:40,nan,0.0,1.4,1.6,5.8,12.0

18/04/2005,14:53:40,nan,0.0,0.4,1.6,5.8,12.0

18/04/2005,15:08:40,nan,0.0,0.0,1.6,5.0,12.0

18/04/2005,15:23:40,nan,0.0,0.0,1.6,5.0,12.0

18/04/2005,15:38:40,nan,0.0,0.0,1.6,5.0,12.0

18/04/2005,15:53:40,nan,0.0,0.0,1.6,5.0,12.0

18/04/2005,16:08:40,nan,0.0,0.0,1.6,5.0,12.0

18/04/2005,16:23:40,nan,0.0,0.0,1.6,5.0,12.0

18/04/2005,16:38:40,nan,0.0,0.0,1.6,5.0,12.0

18/04/2005,16:53:40,nan,0.0,0.0,1.6,5.0,12.0

18/04/2005,17:08:40,nan,0.0,0.0,1.6,5.0,12.0

18/04/2005,17:23:40,nan,0.0,0.0,1.6,5.0,12.0

18/04/2005,17:38:40,nan,0.0,0.0,1.4,5.0,12.0

18/04/2005,17:53:40,nan,0.0,0.0,0.4,5.0,12.0

18/04/2005,18:08:40,nan,0.0,0.0,0.0,5.0,12.0

18/04/2005,18:23:40,nan,0.0,0.0,0.0,5.0,12.0

18/04/2005,18:38:40,nan,0.0,0.0,0.0,5.0,12.0

18/04/2005,18:53:40,nan,0.0,0.0,0.0,5.0,12.0

18/04/2005,19:08:40,nan,0.0,0.0,0.0,5.0,12.0

18/04/2005,19:23:40,nan,0.0,0.0,0.0,5.0,12.0

18/04/2005,19:38:40,nan,0.0,0.0,0.0,5.0,12.0

18/04/2005,19:53:40,nan,0.0,0.0,0.0,5.0,12.0

18/04/2005,20:08:40,nan,0.0,0.0,0.0,5.0,12.0

18/04/2005,20:23:40,nan,0.0,0.0,0.0,5.0,12.0

18/04/2005,20:38:40,nan,0.0,0.0,0.0,5.0,12.0

18/04/2005,20:53:40,nan,0.0,0.0,0.0,5.0,12.0

18/04/2005,21:08:40,nan,0.0,0.0,0.0,5.0,12.0

18/04/2005,21:23:40,nan,0.0,0.0,0.0,5.0,12.0

18/04/2005,21:38:40,nan,0.0,0.0,0.0,5.0,12.0

18/04/2005,21:53:40,nan,0.0,0.0,0.0,5.0,12.0

18/04/2005,22:08:40,nan,0.0,0.0,0.0,5.0,12.0

18/04/2005,22:23:40,nan,0.0,0.0,0.0,5.0,12.0

18/04/2005,22:38:40,nan,0.0,0.0,0.0,5.0,12.0

18/04/2005,22:53:40,nan,0.0,0.0,0.0,4.8,12.0

18/04/2005,23:08:40,nan,0.0,0.0,0.0,4.6,12.0

18/04/2005,23:23:40,nan,0.0,0.0,0.0,4.6,12.0

18/04/2005,23:38:40,nan,0.0,0.0,0.0,4.6,12.0

18/04/2005,23:53:40,nan,0.0,0.0,0.0,4.6,12.0

19/04/2005,00:08:40,nan,0.0,0.0,0.0,4.6,12.0

19/04/2005,00:23:40,nan,0.0,0.0,0.0,4.6,12.0

19/04/2005,00:38:40,nan,0.0,0.0,0.0,4.6,12.0

19/04/2005,00:53:40,nan,0.0,0.0,0.0,4.6,12.0

19/04/2005,01:08:40,nan,0.0,0.0,0.0,4.6,12.0

19/04/2005,01:23:40,nan,0.0,0.0,0.0,4.6,12.0

19/04/2005,01:38:40,nan,0.0,0.0,0.0,4.6,12.0

19/04/2005,01:53:40,nan,0.0,0.0,0.0,4.6,12.0

19/04/2005,02:08:40,nan,0.0,0.0,0.0,4.6,12.0

19/04/2005,02:23:40,nan,0.0,0.0,0.0,4.6,12.0

19/04/2005,02:38:40,nan,0.0,0.0,0.0,4.6,12.0

19/04/2005,02:53:40,nan,0.0,0.0,0.0,4.6,12.0

19/04/2005,03:08:40,nan,0.0,0.0,0.0,4.6,12.0

19/04/2005,03:23:40,nan,0.0,0.0,0.0,4.6,12.0

19/04/2005,03:38:40,nan,0.0,0.0,0.0,3.6,12.0

19/04/2005,03:53:40,nan,0.0,0.0,0.0,3.0,12.0

19/04/2005,04:08:40,nan,0.0,0.0,0.0,2.6,12.0

19/04/2005,04:23:40,nan,0.0,0.0,0.0,2.6,12.0

19/04/2005,04:38:40,nan,0.0,0.0,0.0,2.6,12.0

19/04/2005,04:53:40,nan,0.0,0.0,0.0,2.6,12.0

19/04/2005,05:08:40,nan,0.0,0.0,0.0,2.6,12.0

19/04/2005,05:23:40,nan,0.0,0.0,0.0,2.6,12.0

19/04/2005,05:38:40,nan,0.0,0.0,0.0,2.6,12.0

19/04/2005,05:53:40,nan,0.0,0.0,0.0,2.4,12.0

19/04/2005,06:08:40,nan,0.0,0.0,0.0,2.4,12.0

19/04/2005,06:23:40,nan,0.0,0.0,0.0,2.4,12.0

19/04/2005,06:38:40,nan,0.0,0.0,0.0,2.4,12.0

19/04/2005,06:53:40,nan,0.0,0.0,0.0,2.4,12.0

19/04/2005,07:08:40,nan,0.0,0.0,0.0,2.4,12.0

19/04/2005,07:23:40,nan,0.0,0.0,0.0,2.4,12.0

19/04/2005,07:38:40,nan,0.0,0.0,0.0,2.4,12.0

19/04/2005,07:53:40,nan,0.0,0.0,0.0,2.4,12.0

19/04/2005,08:08:40,nan,0.0,0.0,0.0,2.4,12.0

19/04/2005,08:23:40,nan,0.0,0.0,0.0,2.4,12.0

19/04/2005,08:38:40,nan,0.0,0.0,0.0,2.4,12.0

19/04/2005,08:53:40,nan,0.0,0.0,0.0,2.4,12.0

19/04/2005,09:08:40,nan,0.0,0.0,0.0,2.4,12.0

19/04/2005,09:23:40,nan,0.0,0.0,0.0,2.4,12.0

19/04/2005,09:38:40,nan,0.0,0.0,0.0,2.4,12.0

19/04/2005,09:53:40,nan,0.0,0.0,0.0,1.8,12.0

19/04/2005,10:08:40,nan,0.0,0.0,0.0,1.6,12.0

19/04/2005,10:23:40,nan,0.0,0.0,0.0,1.6,12.0

19/04/2005,10:38:40,nan,0.0,0.0,0.0,1.6,12.0

19/04/2005,10:53:40,nan,0.0,0.0,0.0,1.6,12.0

19/04/2005,11:08:40,nan,0.0,0.0,0.0,1.6,12.0

19/04/2005,11:23:40,nan,0.0,0.0,0.0,1.6,12.0

19/04/2005,11:38:40,nan,0.0,0.0,0.0,1.6,12.0

19/04/2005,11:53:40,nan,0.0,0.0,0.0,1.6,12.0

19/04/2005,12:08:40,nan,0.0,0.0,0.0,1.6,12.0

19/04/2005,12:23:40,nan,0.0,0.0,0.0,1.6,12.0

19/04/2005,12:38:40,nan,0.0,0.0,0.0,1.6,12.0

19/04/2005,12:53:40,nan,0.0,0.0,0.0,1.6,12.0

19/04/2005,13:08:40,nan,0.0,0.0,0.0,1.6,12.0

19/04/2005,13:23:40,nan,0.0,0.0,0.0,1.6,12.0

19/04/2005,13:38:40,nan,0.0,0.0,0.0,1.4,12.0

19/04/2005,13:53:40,nan,0.0,0.0,0.0,0.4,12.0

19/04/2005,14:08:40,nan,0.0,0.0,0.0,0.0,12.0

19/04/2005,14:23:40,nan,0.0,0.0,0.0,0.0,12.0

19/04/2005,14:38:40,nan,0.0,0.0,0.0,0.0,12.0

19/04/2005,14:53:40,nan,0.0,0.0,0.0,0.0,12.0

19/04/2005,15:08:40,nan,0.0,0.0,0.0,0.0,12.0

19/04/2005,15:23:40,nan,0.0,0.0,0.0,0.0,12.0

19/04/2005,15:38:40,nan,0.0,0.0,0.0,0.0,12.0

19/04/2005,15:53:40,nan,0.0,0.0,0.0,0.0,12.0

19/04/2005,16:08:40,nan,0.0,0.0,0.0,0.0,12.0

19/04/2005,16:23:40,nan,0.0,0.0,0.0,0.0,12.0

19/04/2005,16:38:40,nan,0.0,0.0,0.0,0.0,12.0

19/04/2005,16:53:40,nan,0.0,0.0,0.0,0.0,12.0

19/04/2005,17:08:40,nan,0.0,0.0,0.0,0.0,12.0

19/04/2005,17:23:40,nan,0.0,0.0,0.0,0.0,12.0

19/04/2005,17:38:40,nan,0.0,0.0,0.0,0.0,12.0

19/04/2005,17:53:40,nan,0.0,0.0,0.0,0.0,12.0

19/04/2005,18:08:40,nan,0.0,0.0,0.0,0.0,12.0

19/04/2005,18:23:40,nan,0.0,0.0,0.0,0.0,12.0

19/04/2005,18:38:40,nan,0.0,0.0,0.0,0.0,12.0

19/04/2005,18:53:40,nan,0.0,0.0,0.0,0.0,12.0

19/04/2005,19:08:40,nan,0.0,0.0,0.0,0.0,12.0

19/04/2005,19:23:40,nan,0.0,0.0,0.0,0.0,12.0

19/04/2005,19:38:40,nan,0.0,0.0,0.0,0.0,12.0

19/04/2005,19:53:40,nan,0.0,0.0,0.0,0.0,12.0

19/04/2005,20:08:40,nan,0.0,0.0,0.0,0.0,12.0

19/04/2005,20:23:40,nan,0.0,0.0,0.0,0.0,12.0

19/04/2005,20:38:40,nan,0.0,0.0,0.0,0.0,12.0

19/04/2005,20:53:40,nan,0.0,0.0,0.0,0.0,12.0

19/04/2005,21:08:40,nan,0.0,0.0,0.0,0.0,12.0

19/04/2005,21:23:40,nan,0.0,0.0,0.0,0.0,12.0

19/04/2005,21:38:40,nan,0.0,0.0,0.0,0.0,12.0

19/04/2005,21:53:40,nan,0.0,0.0,0.0,0.0,12.0

19/04/2005,22:08:40,nan,0.0,0.0,0.0,0.0,12.0

19/04/2005,22:23:40,nan,0.0,0.0,0.0,0.0,12.0

19/04/2005,22:38:40,nan,0.0,0.0,0.0,0.0,12.0

19/04/2005,22:53:40,nan,0.0,0.0,0.0,0.0,12.0

19/04/2005,23:08:40,nan,0.0,0.0,0.0,0.0,12.0

19/04/2005,23:23:40,nan,0.0,0.0,0.0,0.0,12.0

19/04/2005,23:38:40,nan,0.0,0.0,0.0,0.0,12.0

19/04/2005,23:53:40,nan,0.0,0.0,0.0,0.0,12.0

20/04/2005,00:08:40,nan,0.0,0.0,0.0,0.0,12.0

20/04/2005,00:23:40,nan,0.0,0.0,0.0,0.0,12.0

20/04/2005,00:38:40,nan,0.0,0.0,0.0,0.0,12.0

20/04/2005,00:53:40,nan,0.0,0.0,0.0,0.0,12.0

20/04/2005,01:08:40,nan,0.0,0.0,0.0,0.0,12.0

20/04/2005,01:23:40,nan,0.0,0.0,0.0,0.0,12.0

20/04/2005,01:38:40,nan,0.0,0.0,0.0,0.0,12.0

20/04/2005,01:53:40,nan,0.0,0.0,0.0,0.0,12.0

20/04/2005,02:08:40,nan,0.0,0.0,0.0,0.0,12.0

20/04/2005,02:23:40,nan,0.0,0.0,0.0,0.0,12.0

20/04/2005,02:38:40,nan,0.0,0.0,0.0,0.0,12.0

20/04/2005,02:53:40,nan,0.0,0.0,0.0,0.0,12.0

20/04/2005,03:08:40,nan,0.0,0.0,0.0,0.0,12.0

20/04/2005,03:23:40,nan,0.0,0.0,0.0,0.0,12.0

20/04/2005,03:38:40,nan,0.0,0.0,0.0,0.0,12.0

20/04/2005,03:53:40,nan,0.0,0.0,0.0,0.0,12.0

20/04/2005,04:08:40,nan,0.0,0.0,0.0,0.0,12.0

20/04/2005,04:23:40,nan,0.0,0.0,0.0,0.0,12.0

20/04/2005,04:38:40,nan,0.0,0.0,0.0,0.0,12.0

20/04/2005,04:53:40,nan,0.0,0.0,0.0,0.0,12.0

20/04/2005,05:08:40,nan,0.0,0.0,0.0,0.0,12.0

20/04/2005,05:23:40,nan,0.0,0.0,0.0,0.0,12.0

20/04/2005,05:38:40,nan,0.0,0.0,0.0,0.0,12.0

20/04/2005,05:53:40,nan,0.0,0.0,0.0,0.0,12.0

20/04/2005,06:08:40,nan,0.0,0.0,0.0,0.0,12.0

20/04/2005,06:23:40,nan,0.0,0.0,0.0,0.0,12.0

20/04/2005,06:38:40,nan,0.0,0.0,0.0,0.0,12.0

20/04/2005,06:53:40,nan,0.0,0.0,0.0,0.0,12.0

20/04/2005,07:08:40,nan,0.0,0.0,0.0,0.0,12.0

20/04/2005,07:23:40,nan,0.0,0.0,0.0,0.0,12.0

20/04/2005,07:38:40,nan,0.0,0.0,0.0,0.0,12.0

20/04/2005,07:53:40,nan,0.0,0.0,0.0,0.0,12.0

20/04/2005,08:08:40,nan,0.0,0.0,0.0,0.0,12.0

20/04/2005,08:23:40,nan,0.0,0.0,0.0,0.0,12.0

20/04/2005,08:38:40,nan,0.0,0.0,0.0,0.0,12.0

20/04/2005,08:53:40,nan,0.0,0.0,0.0,0.0,12.0

20/04/2005,09:08:40,nan,0.0,0.0,0.0,0.0,12.0

20/04/2005,09:23:40,nan,0.0,0.0,0.0,0.0,12.0

20/04/2005,09:38:40,nan,0.0,0.0,0.0,0.0,12.0

20/04/2005,09:53:40,nan,0.0,0.0,0.0,0.0,12.0

20/04/2005,10:08:40,nan,0.0,0.0,0.0,0.0,12.0

20/04/2005,10:23:40,nan,0.0,0.0,0.0,0.0,12.0

20/04/2005,10:38:40,nan,0.0,0.0,0.0,0.0,12.0

20/04/2005,10:53:40,nan,0.0,0.0,0.0,0.0,12.0

20/04/2005,11:08:40,nan,0.0,0.0,0.0,0.0,12.0

20/04/2005,11:23:40,nan,0.0,0.0,0.0,0.0,12.0

20/04/2005,11:38:40,nan,0.0,0.0,0.0,0.0,12.0

20/04/2005,11:53:40,nan,0.0,0.0,0.0,0.0,12.0

20/04/2005,12:08:40,nan,0.0,0.0,0.0,0.0,12.0

20/04/2005,12:23:40,nan,0.0,0.0,0.0,0.0,12.0

20/04/2005,12:38:40,nan,0.0,0.0,0.0,0.0,12.0

20/04/2005,12:53:40,nan,0.0,0.0,0.0,0.0,12.0

20/04/2005,13:08:40,nan,0.0,0.0,0.0,0.0,12.0

20/04/2005,13:23:40,nan,0.0,0.0,0.0,0.0,12.0

20/04/2005,13:38:40,nan,0.0,0.0,0.0,0.0,12.0

20/04/2005,13:53:40,nan,0.0,0.0,0.0,0.0,12.0

20/04/2005,14:08:40,nan,0.0,0.0,0.0,0.0,12.0

20/04/2005,14:23:40,nan,0.0,0.0,0.0,0.0,12.0

20/04/2005,14:38:40,nan,0.0,0.0,0.0,0.0,12.0

20/04/2005,14:53:40,nan,0.0,0.0,0.0,0.0,12.0

20/04/2005,15:08:40,nan,0.0,0.0,0.0,0.0,12.0

20/04/2005,15:23:40,nan,0.0,0.0,0.0,0.0,12.0

20/04/2005,15:38:40,nan,0.0,0.0,0.0,0.0,12.0

20/04/2005,15:53:40,nan,0.0,0.0,0.0,0.0,12.0

20/04/2005,16:08:40,nan,0.0,0.0,0.0,0.0,12.0

20/04/2005,16:23:40,nan,0.0,0.0,0.0,0.0,12.0

20/04/2005,16:38:40,nan,0.0,0.0,0.0,0.0,12.0

20/04/2005,16:53:40,nan,0.0,0.0,0.0,0.0,12.0

20/04/2005,17:08:40,nan,0.0,0.0,0.0,0.0,12.0

20/04/2005,17:23:40,nan,0.0,0.0,0.0,0.0,12.0

20/04/2005,17:38:40,nan,0.0,0.0,0.0,0.0,12.0

20/04/2005,17:53:40,nan,0.0,0.0,0.0,0.0,12.0

20/04/2005,18:08:40,nan,0.0,0.0,0.0,0.0,12.0

20/04/2005,18:23:40,nan,0.0,0.0,0.0,0.0,12.0

20/04/2005,18:38:40,nan,0.0,0.0,0.0,0.0,12.0

20/04/2005,18:53:40,nan,0.0,0.0,0.0,0.0,12.0

20/04/2005,19:08:40,nan,0.0,0.0,0.0,0.0,12.0

20/04/2005,19:23:40,nan,0.0,0.0,0.0,0.0,12.0

20/04/2005,19:38:40,nan,0.0,0.0,0.0,0.0,12.0

20/04/2005,19:53:40,nan,0.0,0.0,0.0,0.0,12.0

20/04/2005,20:08:40,nan,0.0,0.0,0.0,0.0,12.0

20/04/2005,20:23:40,nan,0.0,0.0,0.0,0.0,12.0

20/04/2005,20:38:40,nan,0.0,0.0,0.0,0.0,12.0

20/04/2005,20:53:40,nan,0.0,0.0,0.0,0.0,12.0

20/04/2005,21:08:40,nan,0.0,0.0,0.0,0.0,12.0

20/04/2005,21:23:40,nan,0.0,0.0,0.0,0.0,12.0

20/04/2005,21:38:40,nan,0.0,0.0,0.0,0.0,12.0

20/04/2005,21:53:40,nan,0.0,0.0,0.0,0.0,12.0

20/04/2005,22:08:40,nan,0.0,0.0,0.0,0.0,12.0

20/04/2005,22:23:40,nan,0.0,0.0,0.0,0.0,12.0

20/04/2005,22:38:40,nan,0.0,0.0,0.0,0.0,12.0

20/04/2005,22:53:40,nan,0.0,0.0,0.0,0.0,12.0

20/04/2005,23:08:40,nan,0.0,0.0,0.0,0.0,12.0

20/04/2005,23:23:40,nan,0.0,0.0,0.0,0.0,12.0

20/04/2005,23:38:40,nan,0.0,0.0,0.0,0.0,12.0

20/04/2005,23:53:40,nan,0.0,0.0,0.0,0.0,12.0

21/04/2005,00:08:40,nan,0.0,0.0,0.0,0.0,12.0

21/04/2005,00:23:40,nan,0.0,0.0,0.0,0.0,12.0

21/04/2005,00:38:40,nan,0.0,0.0,0.0,0.0,12.0

21/04/2005,00:53:40,nan,0.0,0.0,0.0,0.0,12.0

21/04/2005,01:08:40,nan,0.0,0.0,0.0,0.0,12.0

21/04/2005,01:23:40,nan,0.0,0.0,0.0,0.0,12.0

21/04/2005,01:38:40,nan,0.0,0.0,0.0,0.0,12.0

21/04/2005,01:53:40,nan,0.0,0.0,0.0,0.0,12.0

21/04/2005,02:08:40,nan,0.0,0.0,0.0,0.0,12.0

21/04/2005,02:23:40,nan,0.0,0.0,0.0,0.0,12.0

21/04/2005,02:38:40,nan,0.0,0.0,0.0,0.0,12.0

21/04/2005,02:53:40,nan,0.0,0.0,0.0,0.0,12.0

21/04/2005,03:08:40,nan,0.0,0.0,0.0,0.0,12.0

21/04/2005,03:23:40,nan,0.0,0.0,0.0,0.0,12.0

21/04/2005,03:38:40,nan,0.0,0.0,0.0,0.0,12.0

21/04/2005,03:53:40,nan,0.0,0.0,0.0,0.0,12.0

21/04/2005,04:08:40,nan,0.0,0.0,0.0,0.0,12.0

21/04/2005,04:23:40,nan,0.0,0.0,0.0,0.0,12.0

21/04/2005,04:38:40,nan,0.0,0.0,0.0,0.0,12.0

21/04/2005,04:53:40,nan,0.0,0.0,0.0,0.0,12.0

21/04/2005,05:08:40,nan,0.0,0.0,0.0,0.0,12.0

21/04/2005,05:23:40,nan,0.0,0.0,0.0,0.0,12.0

21/04/2005,05:38:40,nan,0.0,0.0,0.0,0.0,12.0

21/04/2005,05:53:40,nan,0.0,0.0,0.0,0.0,12.0

21/04/2005,06:08:40,nan,0.0,0.0,0.0,0.0,12.0

21/04/2005,06:23:40,nan,0.0,0.0,0.0,0.0,12.0

21/04/2005,06:38:40,nan,0.0,0.0,0.0,0.0,12.0

21/04/2005,06:53:40,nan,0.0,0.0,0.0,0.0,12.0

21/04/2005,07:08:40,nan,0.0,0.0,0.0,0.0,12.0

21/04/2005,07:23:40,nan,0.0,0.0,0.0,0.0,12.0

21/04/2005,07:38:40,nan,0.0,0.0,0.0,0.0,12.0

21/04/2005,07:53:40,nan,0.0,0.0,0.0,0.0,12.0

21/04/2005,08:08:40,nan,0.0,0.0,0.0,0.0,12.0

21/04/2005,08:23:40,nan,0.0,0.0,0.0,0.0,12.0

21/04/2005,08:38:40,nan,0.0,0.0,0.0,0.0,12.0

21/04/2005,08:53:40,nan,0.0,0.0,0.0,0.0,12.0

21/04/2005,09:08:40,nan,0.0,0.0,0.0,0.0,12.0

21/04/2005,09:23:40,nan,0.0,0.0,0.0,0.0,12.0

21/04/2005,09:38:40,nan,0.0,0.0,0.0,0.0,12.0

21/04/2005,09:53:40,nan,0.0,0.0,0.0,0.0,12.0

21/04/2005,10:08:40,nan,0.0,0.0,0.0,0.0,12.0

21/04/2005,10:23:40,nan,0.0,0.0,0.0,0.0,12.0

21/04/2005,10:38:40,nan,0.0,0.0,0.0,0.0,7.4

21/04/2005,10:53:40,nan,0.0,0.0,0.0,0.0,6.2

21/04/2005,11:08:40,nan,0.0,0.0,0.0,0.0,6.0

21/04/2005,11:23:40,nan,0.0,0.0,0.0,0.0,6.0

21/04/2005,11:38:40,nan,0.0,0.0,0.0,0.0,5.8

21/04/2005,11:53:40,nan,0.0,0.0,0.0,0.0,5.8

21/04/2005,12:08:40,nan,0.0,0.0,0.0,0.0,5.8

21/04/2005,12:23:40,nan,0.0,0.0,0.0,0.0,5.8

21/04/2005,12:38:40,nan,0.0,0.0,0.0,0.0,5.8

21/04/2005,12:53:40,nan,0.0,0.0,0.0,0.0,5.8

21/04/2005,13:08:40,nan,0.0,0.0,0.0,0.0,5.8

21/04/2005,13:23:40,nan,0.0,0.0,0.0,0.0,5.8

21/04/2005,13:38:40,nan,0.2,0.2,0.2,0.2,6.0

21/04/2005,13:53:40,nan,0.6,0.8,0.8,0.8,6.6

21/04/2005,14:08:40,nan,0.0,0.8,0.8,0.8,6.6

21/04/2005,14:23:40,nan,0.0,0.8,0.8,0.8,6.6

21/04/2005,14:38:40,nan,0.0,0.6,0.8,0.8,6.6

21/04/2005,14:53:40,nan,0.0,0.0,0.8,0.8,6.6

21/04/2005,15:08:40,nan,0.0,0.0,0.8,0.8,5.8

21/04/2005,15:23:40,nan,0.0,0.0,0.8,0.8,5.8

21/04/2005,15:38:40,nan,0.0,0.0,0.8,0.8,5.8

21/04/2005,15:53:40,nan,0.0,0.0,0.8,0.8,5.8

21/04/2005,16:08:40,nan,0.0,0.0,0.8,0.8,5.8

21/04/2005,16:23:40,nan,0.0,0.0,0.8,0.8,5.8

21/04/2005,16:38:40,nan,0.0,0.0,0.8,0.8,5.8

21/04/2005,16:53:40,nan,0.0,0.0,0.8,0.8,5.8

21/04/2005,17:08:40,nan,0.0,0.0,0.8,0.8,5.8

21/04/2005,17:23:40,nan,0.0,0.0,0.8,0.8,5.8

21/04/2005,17:38:40,nan,0.0,0.0,0.6,0.8,5.8

21/04/2005,17:53:40,nan,0.0,0.0,0.0,0.8,5.8

21/04/2005,18:08:40,nan,0.0,0.0,0.0,0.8,5.8

21/04/2005,18:23:40,nan,0.0,0.0,0.0,0.8,5.8

21/04/2005,18:38:40,nan,0.0,0.0,0.0,0.8,5.8

21/04/2005,18:53:40,nan,0.0,0.0,0.0,0.8,5.8

21/04/2005,19:08:40,nan,0.0,0.0,0.0,0.8,5.8

21/04/2005,19:23:40,nan,0.0,0.0,0.0,0.8,5.8

21/04/2005,19:38:40,nan,0.0,0.0,0.0,0.8,5.8

21/04/2005,19:53:40,nan,0.0,0.0,0.0,0.8,5.8

21/04/2005,20:08:40,nan,0.0,0.0,0.0,0.8,5.8

21/04/2005,20:23:40,nan,0.0,0.0,0.0,0.8,5.8

21/04/2005,20:38:40,nan,0.0,0.0,0.0,0.8,5.8

21/04/2005,20:53:40,nan,0.0,0.0,0.0,0.8,5.8

21/04/2005,21:08:40,nan,0.0,0.0,0.0,0.8,5.8

21/04/2005,21:23:40,nan,0.0,0.0,0.0,0.8,5.8

21/04/2005,21:38:40,nan,0.0,0.0,0.0,0.8,5.8

21/04/2005,21:53:40,nan,0.0,0.0,0.0,0.8,5.8

21/04/2005,22:08:40,nan,0.0,0.0,0.0,0.8,5.8

21/04/2005,22:23:40,nan,0.0,0.0,0.0,0.8,5.8

21/04/2005,22:38:40,nan,1.0,1.0,1.0,1.8,6.8

21/04/2005,22:53:40,nan,1.6,2.6,2.6,3.4,8.2

21/04/2005,23:08:40,nan,1.4,4.0,4.0,4.8,9.4

21/04/2005,23:23:40,nan,1.0,5.0,5.0,5.8,10.4

21/04/2005,23:38:40,nan,1.0,5.0,6.0,6.8,11.4

21/04/2005,23:53:40,nan,1.0,4.4,7.0,7.8,12.4

22/04/2005,00:08:40,nan,1.2,4.2,8.2,9.0,13.6

22/04/2005,00:23:40,nan,1.2,4.4,9.4,10.2,14.8

22/04/2005,00:38:40,nan,1.2,4.6,10.6,11.4,16.0

22/04/2005,00:53:40,nan,1.4,5.0,12.0,12.8,17.4

22/04/2005,01:08:40,nan,1.2,5.0,13.2,14.0,18.6

22/04/2005,01:23:40,nan,1.2,5.0,14.4,15.2,19.8

22/04/2005,01:38:40,nan,1.2,5.0,15.6,16.4,21.0

22/04/2005,01:53:40,nan,1.0,4.6,16.6,17.4,22.0

22/04/2005,02:08:40,nan,0.8,4.2,17.4,18.2,22.8

22/04/2005,02:23:40,nan,0.8,3.8,18.2,19.0,23.6

22/04/2005,02:38:40,nan,0.8,3.4,18.0,19.8,24.4

22/04/2005,02:53:40,nan,0.6,3.0,17.0,20.4,25.0

22/04/2005,03:08:40,nan,0.6,2.8,16.2,21.0,25.6

22/04/2005,03:23:40,nan,0.4,2.4,15.6,21.4,26.0

22/04/2005,03:38:40,nan,0.6,2.2,15.2,22.0,25.6

22/04/2005,03:53:40,nan,0.4,2.0,14.6,22.4,25.4

22/04/2005,04:08:40,nan,0.2,1.6,13.6,22.6,25.2

22/04/2005,04:23:40,nan,0.4,1.6,12.8,23.0,25.6

22/04/2005,04:38:40,nan,0.2,1.2,11.8,23.2,25.8

22/04/2005,04:53:40,nan,0.0,0.8,10.4,23.2,25.8

22/04/2005,05:08:40,nan,0.0,0.6,9.2,23.2,25.8

22/04/2005,05:23:40,nan,0.0,0.2,8.0,23.2,25.8

22/04/2005,05:38:40,nan,0.0,0.0,6.8,23.2,25.8

22/04/2005,05:53:40,nan,0.0,0.0,5.8,23.2,25.6

22/04/2005,06:08:40,nan,0.0,0.0,5.0,23.2,25.6

22/04/2005,06:23:40,nan,0.0,0.0,4.2,23.2,25.6

22/04/2005,06:38:40,nan,0.0,0.0,3.4,23.2,25.6

22/04/2005,06:53:40,nan,0.0,0.0,2.8,23.2,25.6

22/04/2005,07:08:40,nan,0.0,0.0,2.2,23.2,25.6

22/04/2005,07:23:40,nan,0.0,0.0,1.8,23.2,25.6

22/04/2005,07:38:40,nan,0.0,0.0,1.2,23.2,25.6

22/04/2005,07:53:40,nan,0.0,0.0,0.8,23.2,25.6

22/04/2005,08:08:40,nan,0.0,0.0,0.6,23.2,25.6

22/04/2005,08:23:40,nan,0.0,0.0,0.2,23.2,25.6

22/04/2005,08:38:40,nan,0.0,0.0,0.0,23.2,25.6

22/04/2005,08:53:40,nan,0.0,0.0,0.0,23.2,25.6

22/04/2005,09:08:40,nan,0.0,0.0,0.0,23.2,25.6

22/04/2005,09:23:40,nan,0.0,0.0,0.0,23.2,25.6

22/04/2005,09:38:40,nan,0.0,0.0,0.0,23.2,25.6

22/04/2005,09:53:40,nan,0.0,0.0,0.0,23.2,25.0

22/04/2005,10:08:40,nan,0.0,0.0,0.0,23.2,24.8

22/04/2005,10:23:40,nan,0.0,0.0,0.0,23.2,24.8

22/04/2005,10:38:40,nan,0.0,0.0,0.0,23.2,24.8

22/04/2005,10:53:40,nan,0.0,0.0,0.0,23.2,24.8

22/04/2005,11:08:40,nan,0.0,0.0,0.0,23.2,24.8

22/04/2005,11:23:40,nan,0.0,0.0,0.0,23.2,24.8

22/04/2005,11:38:40,nan,0.0,0.0,0.0,23.2,24.8

22/04/2005,11:53:40,nan,0.0,0.0,0.0,23.2,24.8

22/04/2005,12:08:40,nan,0.0,0.0,0.0,23.2,24.8

22/04/2005,12:23:40,nan,0.0,0.0,0.0,23.2,24.8

22/04/2005,12:38:40,nan,0.0,0.0,0.0,23.2,24.8

22/04/2005,12:53:40,nan,0.0,0.0,0.0,23.2,24.8

22/04/2005,13:08:40,nan,0.0,0.0,0.0,23.2,24.8

22/04/2005,13:23:40,nan,0.0,0.0,0.0,23.2,24.8

22/04/2005,13:38:40,nan,0.0,0.0,0.0,23.0,24.6

22/04/2005,13:53:40,nan,0.0,0.0,0.0,22.4,23.6

22/04/2005,14:08:40,nan,0.0,0.0,0.0,22.4,23.2

22/04/2005,14:23:40,nan,0.0,0.0,0.0,22.4,23.2

22/04/2005,14:38:40,nan,0.0,0.0,0.0,22.4,23.2

22/04/2005,14:53:40,nan,0.0,0.0,0.0,22.4,23.2

22/04/2005,15:08:40,nan,0.0,0.0,0.0,22.4,23.2

22/04/2005,15:23:40,nan,0.0,0.0,0.0,22.4,23.2

22/04/2005,15:38:40,nan,0.0,0.0,0.0,22.4,23.2

22/04/2005,15:53:40,nan,0.0,0.0,0.0,22.4,23.2

22/04/2005,16:08:40,nan,0.0,0.0,0.0,22.4,23.2

22/04/2005,16:23:40,nan,0.0,0.0,0.0,22.4,23.2

22/04/2005,16:38:40,nan,0.0,0.0,0.0,22.4,23.2

22/04/2005,16:53:40,nan,0.0,0.0,0.0,22.4,23.2

22/04/2005,17:08:40,nan,0.0,0.0,0.0,22.4,23.2

22/04/2005,17:23:40,nan,0.0,0.0,0.0,22.4,23.2

22/04/2005,17:38:40,nan,0.0,0.0,0.0,22.4,23.2

22/04/2005,17:53:40,nan,0.0,0.0,0.0,22.4,23.2

22/04/2005,18:08:40,nan,0.0,0.0,0.0,22.4,23.2

22/04/2005,18:23:40,nan,0.0,0.0,0.0,22.4,23.2

22/04/2005,18:38:40,nan,0.0,0.0,0.0,22.4,23.2

22/04/2005,18:53:40,nan,0.0,0.0,0.0,22.4,23.2

22/04/2005,19:08:40,nan,0.0,0.0,0.0,22.4,23.2

22/04/2005,19:23:40,nan,0.0,0.0,0.0,22.4,23.2

22/04/2005,19:38:40,nan,0.0,0.0,0.0,22.4,23.2

22/04/2005,19:53:40,nan,0.0,0.0,0.0,22.4,23.2

22/04/2005,20:08:40,nan,0.0,0.0,0.0,22.4,23.2

22/04/2005,20:23:40,nan,0.0,0.0,0.0,22.4,23.2

22/04/2005,20:38:40,nan,0.0,0.0,0.0,22.4,23.2

22/04/2005,20:53:40,nan,0.0,0.0,0.0,22.4,23.2

22/04/2005,21:08:40,nan,0.0,0.0,0.0,22.4,23.2

22/04/2005,21:23:40,nan,0.0,0.0,0.0,22.4,23.2

22/04/2005,21:38:40,nan,0.0,0.0,0.0,22.4,23.2

22/04/2005,21:53:40,nan,0.0,0.0,0.0,22.4,23.2

22/04/2005,22:08:40,nan,0.0,0.0,0.0,22.4,23.2

22/04/2005,22:23:40,nan,0.0,0.0,0.0,22.4,23.2

22/04/2005,22:38:40,nan,0.0,0.0,0.0,21.4,23.2

22/04/2005,22:53:40,nan,0.0,0.0,0.0,19.8,23.2

22/04/2005,23:08:40,nan,0.0,0.0,0.0,18.4,23.2

22/04/2005,23:23:40,nan,0.0,0.0,0.0,17.4,23.2

22/04/2005,23:38:40,nan,0.0,0.0,0.0,16.4,23.2

22/04/2005,23:53:40,nan,0.0,0.0,0.0,15.4,23.2

23/04/2005,00:08:40,nan,0.0,0.0,0.0,14.2,23.2

23/04/2005,00:23:40,nan,0.0,0.0,0.0,13.0,23.2

23/04/2005,00:38:40,nan,0.0,0.0,0.0,11.8,23.2

23/04/2005,00:53:40,nan,0.0,0.0,0.0,10.4,23.2

23/04/2005,01:08:40,nan,0.0,0.0,0.0,9.2,23.2

23/04/2005,01:23:40,nan,0.0,0.0,0.0,8.0,23.2

23/04/2005,01:38:40,nan,0.0,0.0,0.0,6.8,23.2

23/04/2005,01:53:40,nan,0.0,0.0,0.0,5.8,23.2

23/04/2005,02:08:40,nan,0.0,0.0,0.0,5.0,23.2

23/04/2005,02:23:40,nan,0.0,0.0,0.0,4.2,23.2

23/04/2005,02:38:40,nan,0.0,0.0,0.0,3.4,23.2

23/04/2005,02:53:40,nan,0.0,0.0,0.0,2.8,23.2

23/04/2005,03:08:40,nan,0.0,0.0,0.0,2.2,23.2

23/04/2005,03:23:40,nan,0.0,0.0,0.0,1.8,23.2

23/04/2005,03:38:40,nan,0.0,0.0,0.0,1.2,23.2

23/04/2005,03:53:40,nan,0.0,0.0,0.0,0.8,23.2

23/04/2005,04:08:40,nan,0.0,0.0,0.0,0.6,23.2

23/04/2005,04:23:40,nan,0.0,0.0,0.0,0.2,23.2

23/04/2005,04:38:40,nan,0.0,0.0,0.0,0.0,23.2

23/04/2005,04:53:40,nan,0.0,0.0,0.0,0.0,23.2

23/04/2005,05:08:40,nan,0.0,0.0,0.0,0.0,23.2

23/04/2005,05:23:40,nan,0.0,0.0,0.0,0.0,23.2

23/04/2005,05:38:40,nan,0.0,0.0,0.0,0.0,23.2

23/04/2005,05:53:40,nan,0.0,0.0,0.0,0.0,23.2

23/04/2005,06:08:40,nan,0.0,0.0,0.0,0.0,23.2

23/04/2005,06:23:40,nan,0.0,0.0,0.0,0.0,23.2

23/04/2005,06:38:40,nan,0.0,0.0,0.0,0.0,23.2

23/04/2005,06:53:40,nan,0.0,0.0,0.0,0.0,23.2

23/04/2005,07:08:40,nan,0.0,0.0,0.0,0.0,23.2

23/04/2005,07:23:40,nan,0.0,0.0,0.0,0.0,23.2

23/04/2005,07:38:40,nan,0.0,0.0,0.0,0.0,23.2

23/04/2005,07:53:40,nan,0.0,0.0,0.0,0.0,23.2

23/04/2005,08:08:40,nan,0.0,0.0,0.0,0.0,23.2

23/04/2005,08:23:40,nan,0.0,0.0,0.0,0.0,23.2

23/04/2005,08:38:40,nan,0.0,0.0,0.0,0.0,23.2

23/04/2005,08:53:40,nan,0.0,0.0,0.0,0.0,23.2

23/04/2005,09:08:40,nan,0.0,0.0,0.0,0.0,23.2

23/04/2005,09:23:40,nan,0.0,0.0,0.0,0.0,23.2

23/04/2005,09:38:40,nan,0.0,0.0,0.0,0.0,23.2

23/04/2005,09:53:40,nan,0.0,0.0,0.0,0.0,23.2

23/04/2005,10:08:40,nan,0.0,0.0,0.0,0.0,23.2

23/04/2005,10:23:40,nan,0.0,0.0,0.0,0.0,23.2

23/04/2005,10:38:40,nan,0.0,0.0,0.0,0.0,23.2

23/04/2005,10:53:40,nan,0.0,0.0,0.0,0.0,23.2

23/04/2005,11:08:40,nan,0.0,0.0,0.0,0.0,23.2

23/04/2005,11:23:40,nan,0.0,0.0,0.0,0.0,23.2

23/04/2005,11:38:40,nan,0.0,0.0,0.0,0.0,23.2

23/04/2005,11:53:40,nan,0.0,0.0,0.0,0.0,23.2

23/04/2005,12:08:40,nan,0.0,0.0,0.0,0.0,23.2

23/04/2005,12:23:40,nan,0.0,0.0,0.0,0.0,23.2

23/04/2005,12:38:40,nan,0.0,0.0,0.0,0.0,23.2

23/04/2005,12:53:40,nan,0.0,0.0,0.0,0.0,23.2

23/04/2005,13:08:40,nan,0.0,0.0,0.0,0.0,23.2

23/04/2005,13:23:40,nan,0.0,0.0,0.0,0.0,23.2

23/04/2005,13:38:40,nan,0.0,0.0,0.0,0.0,23.2

23/04/2005,13:53:40,nan,0.0,0.0,0.0,0.0,23.2

23/04/2005,14:08:40,nan,0.0,0.0,0.0,0.0,23.2

23/04/2005,14:23:40,nan,0.0,0.0,0.0,0.0,23.2

23/04/2005,14:38:40,nan,0.0,0.0,0.0,0.0,23.2

23/04/2005,14:53:40,nan,0.0,0.0,0.0,0.0,23.2

23/04/2005,15:08:40,nan,0.0,0.0,0.0,0.0,23.2

23/04/2005,15:23:40,nan,0.0,0.0,0.0,0.0,23.2

23/04/2005,15:38:40,nan,0.0,0.0,0.0,0.0,23.2

23/04/2005,15:53:40,nan,0.0,0.0,0.0,0.0,23.2

23/04/2005,16:08:40,nan,0.0,0.0,0.0,0.0,23.2

23/04/2005,16:23:40,nan,0.0,0.0,0.0,0.0,23.2

23/04/2005,16:38:40,nan,0.0,0.0,0.0,0.0,23.2

23/04/2005,16:53:40,nan,0.0,0.0,0.0,0.0,23.2

23/04/2005,17:08:40,nan,0.0,0.0,0.0,0.0,23.2

23/04/2005,17:23:40,nan,0.0,0.0,0.0,0.0,23.2

23/04/2005,17:38:40,nan,0.0,0.0,0.0,0.0,23.2

23/04/2005,17:53:40,nan,0.0,0.0,0.0,0.0,23.2

23/04/2005,18:08:40,nan,0.0,0.0,0.0,0.0,23.2

23/04/2005,18:23:40,nan,0.0,0.0,0.0,0.0,23.2

23/04/2005,18:38:40,nan,0.0,0.0,0.0,0.0,23.2

23/04/2005,18:53:40,nan,0.0,0.0,0.0,0.0,23.2

23/04/2005,19:08:40,nan,0.0,0.0,0.0,0.0,23.2

23/04/2005,19:23:40,nan,0.2,0.2,0.2,0.2,23.4

23/04/2005,19:38:40,nan,0.0,0.2,0.2,0.2,23.4

23/04/2005,19:53:40,nan,0.2,0.4,0.4,0.4,23.6

23/04/2005,20:08:40,nan,0.0,0.4,0.4,0.4,23.6

23/04/2005,20:23:40,nan,0.0,0.2,0.4,0.4,23.6

23/04/2005,20:38:40,nan,0.2,0.4,0.6,0.6,23.8

23/04/2005,20:53:40,nan,0.2,0.4,0.8,0.8,24.0

23/04/2005,21:08:40,nan,0.0,0.4,0.8,0.8,24.0

23/04/2005,21:23:40,nan,0.0,0.4,0.8,0.8,24.0

23/04/2005,21:38:40,nan,0.0,0.2,0.8,0.8,24.0

23/04/2005,21:53:40,nan,0.0,0.0,0.8,0.8,24.0

23/04/2005,22:08:40,nan,0.0,0.0,0.8,0.8,24.0

23/04/2005,22:23:40,nan,0.0,0.0,0.8,0.8,24.0

23/04/2005,22:38:40,nan,0.0,0.0,0.8,0.8,24.0

23/04/2005,22:53:40,nan,0.0,0.0,0.8,0.8,24.0

23/04/2005,23:08:40,nan,0.0,0.0,0.8,0.8,24.0

23/04/2005,23:23:40,nan,0.0,0.0,0.6,0.8,24.0

23/04/2005,23:38:40,nan,0.0,0.0,0.6,0.8,24.0

23/04/2005,23:53:40,nan,0.0,0.0,0.4,0.8,24.0

24/04/2005,00:08:40,nan,0.0,0.0,0.4,0.8,24.0

24/04/2005,00:23:40,nan,0.0,0.0,0.4,0.8,24.0

24/04/2005,00:38:40,nan,0.0,0.0,0.2,0.8,24.0

24/04/2005,00:53:40,nan,0.0,0.0,0.0,0.8,24.0

24/04/2005,01:08:40,nan,0.0,0.0,0.0,0.8,24.0

24/04/2005,01:23:40,nan,0.0,0.0,0.0,0.8,24.0

24/04/2005,01:38:40,nan,0.0,0.0,0.0,0.8,24.0

24/04/2005,01:53:40,nan,0.0,0.0,0.0,0.8,24.0

24/04/2005,02:08:40,nan,0.0,0.0,0.0,0.8,24.0

24/04/2005,02:23:40,nan,0.0,0.0,0.0,0.8,24.0

24/04/2005,02:38:40,nan,0.0,0.0,0.0,0.8,24.0

24/04/2005,02:53:40,nan,0.0,0.0,0.0,0.8,24.0

24/04/2005,03:08:40,nan,0.0,0.0,0.0,0.8,24.0

24/04/2005,03:23:40,nan,0.0,0.0,0.0,0.8,24.0

24/04/2005,03:38:40,nan,0.0,0.0,0.0,0.8,24.0

24/04/2005,03:53:40,nan,0.0,0.0,0.0,0.8,24.0

24/04/2005,04:08:40,nan,0.0,0.0,0.0,0.8,24.0

24/04/2005,04:23:40,nan,0.0,0.0,0.0,0.8,24.0

24/04/2005,04:38:40,nan,0.0,0.0,0.0,0.8,24.0

24/04/2005,04:53:40,nan,0.0,0.0,0.0,0.8,24.0

24/04/2005,05:08:40,nan,0.0,0.0,0.0,0.8,24.0

24/04/2005,05:23:40,nan,0.0,0.0,0.0,0.8,24.0

24/04/2005,05:38:40,nan,0.0,0.0,0.0,0.8,24.0

24/04/2005,05:53:40,nan,0.0,0.0,0.0,0.8,24.0

24/04/2005,06:08:40,nan,0.0,0.0,0.0,0.8,24.0

24/04/2005,06:23:40,nan,0.0,0.0,0.0,0.8,24.0

24/04/2005,06:38:40,nan,0.0,0.0,0.0,0.8,24.0

24/04/2005,06:53:40,nan,0.0,0.0,0.0,0.8,24.0

24/04/2005,07:08:40,nan,0.0,0.0,0.0,0.8,24.0

24/04/2005,07:23:40,nan,0.0,0.0,0.0,0.8,24.0

24/04/2005,07:38:40,nan,0.0,0.0,0.0,0.8,24.0

24/04/2005,07:53:40,nan,0.0,0.0,0.0,0.8,24.0

24/04/2005,08:08:40,nan,0.0,0.0,0.0,0.8,24.0

24/04/2005,08:23:40,nan,0.0,0.0,0.0,0.8,24.0

24/04/2005,08:38:40,nan,0.0,0.0,0.0,0.8,24.0

24/04/2005,08:53:40,nan,0.0,0.0,0.0,0.8,24.0

24/04/2005,09:08:40,nan,0.0,0.0,0.0,0.8,24.0

24/04/2005,09:23:40,nan,0.0,0.0,0.0,0.8,24.0

24/04/2005,09:38:40,nan,0.0,0.0,0.0,0.8,24.0

24/04/2005,09:53:40,nan,0.0,0.0,0.0,0.8,24.0

24/04/2005,10:08:40,nan,0.0,0.0,0.0,0.8,24.0

24/04/2005,10:23:40,nan,0.0,0.0,0.0,0.8,24.0

24/04/2005,10:38:40,nan,0.0,0.0,0.0,0.8,24.0

24/04/2005,10:53:40,nan,0.0,0.0,0.0,0.8,24.0

24/04/2005,11:08:40,nan,0.0,0.0,0.0,0.8,24.0

24/04/2005,11:23:40,nan,0.0,0.0,0.0,0.8,24.0

24/04/2005,11:38:40,nan,0.0,0.0,0.0,0.8,24.0

24/04/2005,11:53:40,nan,0.0,0.0,0.0,0.8,24.0

24/04/2005,12:08:40,nan,0.0,0.0,0.0,0.8,24.0

24/04/2005,12:23:40,nan,0.0,0.0,0.0,0.8,24.0

24/04/2005,12:38:40,nan,0.0,0.0,0.0,0.8,24.0

24/04/2005,12:53:40,nan,0.0,0.0,0.0,0.8,24.0

24/04/2005,13:08:40,nan,0.0,0.0,0.0,0.8,24.0

24/04/2005,13:23:40,nan,0.0,0.0,0.0,0.8,24.0

24/04/2005,13:38:40,nan,0.0,0.0,0.0,0.8,24.0

24/04/2005,13:53:40,nan,0.0,0.0,0.0,0.8,24.0

24/04/2005,14:08:40,nan,0.0,0.0,0.0,0.8,24.0

24/04/2005,14:23:40,nan,0.0,0.0,0.0,0.8,24.0

24/04/2005,14:38:40,nan,0.0,0.0,0.0,0.8,24.0

24/04/2005,14:53:40,nan,0.0,0.0,0.0,0.8,24.0

24/04/2005,15:08:40,nan,0.0,0.0,0.0,0.8,24.0

24/04/2005,15:23:40,nan,0.0,0.0,0.0,0.8,24.0

24/04/2005,15:38:40,nan,0.0,0.0,0.0,0.8,24.0

24/04/2005,15:53:40,nan,0.0,0.0,0.0,0.8,24.0

24/04/2005,16:08:40,nan,0.0,0.0,0.0,0.8,24.0

24/04/2005,16:23:40,nan,0.0,0.0,0.0,0.8,24.0

24/04/2005,16:38:40,nan,0.0,0.0,0.0,0.8,24.0

24/04/2005,16:53:40,nan,0.0,0.0,0.0,0.8,24.0

24/04/2005,17:08:40,nan,0.0,0.0,0.0,0.8,24.0

24/04/2005,17:23:40,nan,0.0,0.0,0.0,0.8,24.0

24/04/2005,17:38:40,nan,0.0,0.0,0.0,0.8,24.0

24/04/2005,17:53:40,nan,0.0,0.0,0.0,0.8,24.0

24/04/2005,18:08:40,nan,0.0,0.0,0.0,0.8,24.0

24/04/2005,18:23:40,nan,0.0,0.0,0.0,0.8,24.0

24/04/2005,18:38:40,nan,0.0,0.0,0.0,0.8,24.0

24/04/2005,18:53:40,nan,0.0,0.0,0.0,0.8,24.0

24/04/2005,19:08:40,nan,0.0,0.0,0.0,0.8,24.0

24/04/2005,19:23:40,nan,0.0,0.0,0.0,0.6,24.0

24/04/2005,19:38:40,nan,0.0,0.0,0.0,0.6,24.0

24/04/2005,19:53:40,nan,0.0,0.0,0.0,0.4,24.0

24/04/2005,20:08:40,nan,0.0,0.0,0.0,0.4,24.0

24/04/2005,20:23:40,nan,0.0,0.0,0.0,0.4,24.0

24/04/2005,20:38:40,nan,0.0,0.0,0.0,0.2,24.0

24/04/2005,20:53:40,nan,0.0,0.0,0.0,0.0,24.0

24/04/2005,21:08:40,nan,0.0,0.0,0.0,0.0,24.0

24/04/2005,21:23:40,nan,0.0,0.0,0.0,0.0,24.0

24/04/2005,21:38:40,nan,0.0,0.0,0.0,0.0,24.0

24/04/2005,21:53:40,nan,0.0,0.0,0.0,0.0,24.0

24/04/2005,22:08:40,nan,0.0,0.0,0.0,0.0,24.0

24/04/2005,22:23:40,nan,0.0,0.0,0.0,0.0,24.0

24/04/2005,22:38:40,nan,0.0,0.0,0.0,0.0,24.0

24/04/2005,22:53:40,nan,0.0,0.0,0.0,0.0,24.0

24/04/2005,23:08:40,nan,0.0,0.0,0.0,0.0,24.0

24/04/2005,23:23:40,nan,0.0,0.0,0.0,0.0,24.0

24/04/2005,23:38:40,nan,0.0,0.0,0.0,0.0,24.0

24/04/2005,23:53:40,nan,0.0,0.0,0.0,0.0,24.0

25/04/2005,00:08:40,nan,0.0,0.0,0.0,0.0,24.0

25/04/2005,00:23:40,nan,0.0,0.0,0.0,0.0,24.0

25/04/2005,00:38:40,nan,0.0,0.0,0.0,0.0,24.0

25/04/2005,00:53:40,nan,0.0,0.0,0.0,0.0,24.0

25/04/2005,01:08:40,nan,0.0,0.0,0.0,0.0,24.0

25/04/2005,01:23:40,nan,0.0,0.0,0.0,0.0,24.0

25/04/2005,01:38:40,nan,0.0,0.0,0.0,0.0,24.0

25/04/2005,01:53:40,nan,0.0,0.0,0.0,0.0,24.0

25/04/2005,02:08:40,nan,0.0,0.0,0.0,0.0,24.0

25/04/2005,02:23:40,nan,0.0,0.0,0.0,0.0,24.0

25/04/2005,02:38:40,nan,0.0,0.0,0.0,0.0,24.0

25/04/2005,02:53:40,nan,0.0,0.0,0.0,0.0,24.0

25/04/2005,03:08:40,nan,0.0,0.0,0.0,0.0,24.0

25/04/2005,03:23:40,nan,0.0,0.0,0.0,0.0,24.0

25/04/2005,03:38:40,nan,0.0,0.0,0.0,0.0,24.0

25/04/2005,03:53:40,nan,0.0,0.0,0.0,0.0,24.0

25/04/2005,04:08:40,nan,0.0,0.0,0.0,0.0,24.0

25/04/2005,04:23:40,nan,0.0,0.0,0.0,0.0,24.0

25/04/2005,04:38:40,nan,0.0,0.0,0.0,0.0,24.0

25/04/2005,04:53:40,nan,0.0,0.0,0.0,0.0,24.0

25/04/2005,05:08:40,nan,0.0,0.0,0.0,0.0,24.0

25/04/2005,05:23:40,nan,0.0,0.0,0.0,0.0,24.0

25/04/2005,05:38:40,nan,0.0,0.0,0.0,0.0,24.0

25/04/2005,05:53:40,nan,0.0,0.0,0.0,0.0,24.0

25/04/2005,06:08:40,nan,0.0,0.0,0.0,0.0,24.0

25/04/2005,06:23:40,nan,0.0,0.0,0.0,0.0,24.0

25/04/2005,06:38:40,nan,0.0,0.0,0.0,0.0,24.0

25/04/2005,06:53:40,nan,0.0,0.0,0.0,0.0,24.0

25/04/2005,07:08:40,nan,0.0,0.0,0.0,0.0,24.0

25/04/2005,07:23:40,nan,0.0,0.0,0.0,0.0,24.0

25/04/2005,07:38:40,nan,0.0,0.0,0.0,0.0,24.0

25/04/2005,07:53:40,nan,0.0,0.0,0.0,0.0,24.0

25/04/2005,08:08:40,nan,0.0,0.0,0.0,0.0,24.0

25/04/2005,08:23:40,nan,0.0,0.0,0.0,0.0,24.0

25/04/2005,08:38:40,nan,0.0,0.0,0.0,0.0,24.0

25/04/2005,08:53:40,nan,0.0,0.0,0.0,0.0,24.0

25/04/2005,09:08:40,nan,0.0,0.0,0.0,0.0,24.0

25/04/2005,09:23:40,nan,0.0,0.0,0.0,0.0,24.0

25/04/2005,09:38:40,nan,0.0,0.0,0.0,0.0,24.0

25/04/2005,09:53:40,nan,0.0,0.0,0.0,0.0,24.0

25/04/2005,10:08:40,nan,0.0,0.0,0.0,0.0,24.0

25/04/2005,10:23:40,nan,0.0,0.0,0.0,0.0,24.0

25/04/2005,10:38:40,nan,0.0,0.0,0.0,0.0,24.0

25/04/2005,10:53:40,nan,nan,nan,nan,nan,nan

25/04/2005,11:08:40,nan,nan,0.0,0.0,0.0,24.0

25/04/2005,11:23:40,nan,nan,nan,nan,nan,nan

25/04/2005,11:38:40,nan,nan,nan,nan,nan,nan

25/04/2005,11:53:40,nan,nan,nan,0.0,0.0,24.0

25/04/2005,12:08:40,nan,0.0,0.0,0.0,0.0,24.0

25/04/2005,12:23:40,nan,0.0,nan,0.0,0.0,24.0

25/04/2005,12:38:40,nan,nan,nan,nan,nan,nan

25/04/2005,12:53:40,nan,nan,0.0,0.0,0.0,24.0

25/04/2005,13:08:40,nan,0.0,0.0,0.0,0.0,24.0

25/04/2005,13:23:40,nan,0.0,0.0,0.0,0.0,24.0

25/04/2005,13:38:40,nan,0.0,nan,0.0,0.0,23.8

25/04/2005,13:53:40,nan,nan,nan,nan,nan,nan

25/04/2005,14:08:40,nan,nan,0.0,0.0,0.0,23.2

25/04/2005,14:23:40,nan,0.0,0.0,0.0,0.0,23.2

25/04/2005,14:38:40,nan,0.0,0.0,0.0,0.0,23.2

25/04/2005,14:53:40,nan,nan,nan,nan,nan,nan

25/04/2005,15:08:40,nan,nan,nan,nan,nan,nan

25/04/2005,15:23:40,nan,nan,nan,nan,nan,nan

25/04/2005,15:38:40,nan,nan,nan,nan,nan,nan

25/04/2005,15:53:40,nan,nan,nan,0.0,0.0,23.2

25/04/2005,16:08:40,nan,0.0,nan,0.0,0.0,23.2

25/04/2005,16:23:40,nan,0.0,nan,0.0,0.0,23.2

25/04/2005,16:38:40,nan,0.0,nan,nan,0.0,23.2

25/04/2005,16:53:40,nan,0.0,0.0,0.0,0.0,23.2

25/04/2005,17:08:40,nan,0.0,0.0,0.0,0.0,23.2

25/04/2005,17:23:40,nan,0.0,0.0,0.0,0.0,23.2

25/04/2005,17:38:40,nan,0.0,0.0,0.0,0.0,23.2

25/04/2005,17:53:40,nan,0.0,0.0,nan,0.0,23.2

25/04/2005,18:08:40,nan,0.0,0.0,0.0,0.0,23.2

25/04/2005,18:23:40,nan,0.0,0.0,0.0,0.0,23.2

25/04/2005,18:38:40,nan,0.0,0.0,0.0,0.0,23.2

25/04/2005,18:53:40,nan,0.0,0.0,nan,0.0,23.2

25/04/2005,19:08:40,nan,0.0,0.0,nan,0.0,23.2

25/04/2005,19:23:40,nan,0.0,0.0,nan,0.0,23.2

25/04/2005,19:38:40,nan,0.0,0.0,nan,0.0,23.2

25/04/2005,19:53:40,nan,0.0,0.0,0.0,0.0,23.2

25/04/2005,20:08:40,nan,0.0,0.0,0.0,0.0,23.2

25/04/2005,20:23:40,nan,0.0,0.0,0.0,0.0,23.2

25/04/2005,20:38:40,nan,0.0,0.0,0.0,0.0,23.2

25/04/2005,20:53:40,nan,0.0,0.0,0.0,0.0,23.2

25/04/2005,21:08:40,nan,0.0,0.0,0.0,0.0,23.2

25/04/2005,21:23:40,nan,0.0,0.0,0.0,0.0,23.2

25/04/2005,21:38:40,nan,0.0,0.0,0.0,0.0,23.2

25/04/2005,21:53:40,nan,0.0,0.0,0.0,0.0,23.2

25/04/2005,22:08:40,nan,0.0,0.0,0.0,0.0,23.2

25/04/2005,22:23:40,nan,0.0,0.0,0.0,0.0,23.2

25/04/2005,22:38:40,nan,0.0,0.0,0.0,0.0,22.2

25/04/2005,22:53:40,nan,1.8,1.8,1.8,1.8,22.4

25/04/2005,23:08:40,nan,0.4,2.2,2.2,2.2,21.4

25/04/2005,23:23:40,nan,0.2,2.4,2.4,2.4,20.6

25/04/2005,23:38:40,nan,0.2,2.6,2.6,2.6,19.8

25/04/2005,23:53:40,nan,0.0,0.8,2.6,2.6,18.8

26/04/2005,00:08:40,nan,0.0,0.4,2.6,2.6,17.6

26/04/2005,00:23:40,nan,0.0,0.2,2.6,2.6,16.4

26/04/2005,00:38:40,nan,0.0,0.0,2.6,2.6,15.2

26/04/2005,00:53:40,nan,0.2,0.2,2.8,2.8,14.0

26/04/2005,01:08:40,nan,0.2,0.4,3.0,3.0,13.0

26/04/2005,01:23:40,nan,1.2,1.6,4.2,4.2,13.0

26/04/2005,01:38:40,nan,1.4,3.0,5.6,5.6,13.2

26/04/2005,01:53:40,nan,1.8,4.6,7.4,7.4,14.0

26/04/2005,02:08:40,nan,0.8,5.2,8.2,8.2,14.0

26/04/2005,02:23:40,nan,1.0,5.0,9.2,9.2,14.2

26/04/2005,02:38:40,nan,1.0,4.6,10.2,10.2,14.4

26/04/2005,02:53:40,nan,0.4,3.2,8.8,10.6,14.2

26/04/2005,03:08:40,nan,0.0,2.4,8.4,10.6,13.6

26/04/2005,03:23:40,nan,0.6,2.0,8.8,11.2,13.8

26/04/2005,03:38:40,nan,0.6,1.6,9.2,11.8,13.8

26/04/2005,03:53:40,nan,0.4,1.6,9.6,12.2,13.8

26/04/2005,04:08:40,nan,0.6,2.2,10.2,12.8,14.2

26/04/2005,04:23:40,nan,1.4,3.0,11.6,14.2,15.2

26/04/2005,04:38:40,nan,1.8,4.2,13.4,16.0,16.8

26/04/2005,04:53:40,nan,0.6,4.4,13.8,16.6,17.4

26/04/2005,05:08:40,nan,0.4,4.2,14.0,17.0,17.8

26/04/2005,05:23:40,nan,0.2,3.0,13.0,17.2,18.0

26/04/2005,05:38:40,nan,0.2,1.4,11.8,17.4,18.2

26/04/2005,05:53:40,nan,0.2,1.0,10.2,17.6,18.4

26/04/2005,06:08:40,nan,0.0,0.6,9.4,17.6,18.4

26/04/2005,06:23:40,nan,0.2,0.6,8.6,17.8,18.6

26/04/2005,06:38:40,nan,0.4,0.8,8.0,18.2,19.0

26/04/2005,06:53:40,nan,0.0,0.6,7.6,18.2,19.0

26/04/2005,07:08:40,nan,0.0,0.6,7.6,18.2,19.0

26/04/2005,07:23:40,nan,0.2,0.6,7.2,18.4,19.2

26/04/2005,07:38:40,nan,0.0,0.2,6.6,18.4,19.2

26/04/2005,07:53:40,nan,0.0,0.2,6.2,18.4,19.2

26/04/2005,08:08:40,nan,0.0,0.2,5.6,18.4,19.2

26/04/2005,08:23:40,nan,0.0,0.0,4.2,18.4,19.2

26/04/2005,08:38:40,nan,0.0,0.0,2.4,18.4,19.2

26/04/2005,08:53:40,nan,0.0,0.0,1.8,18.4,19.2

26/04/2005,09:08:40,nan,0.0,0.0,1.4,18.4,19.2

26/04/2005,09:23:40,nan,0.0,0.0,1.2,18.4,19.2

26/04/2005,09:38:40,nan,0.0,0.0,1.0,18.4,19.2

26/04/2005,09:53:40,nan,0.0,0.0,0.8,18.4,19.2

26/04/2005,10:08:40,nan,0.0,0.0,0.8,18.4,19.2

26/04/2005,10:23:40,nan,0.0,0.0,0.6,18.4,19.2

26/04/2005,10:38:40,nan,0.0,0.0,0.2,18.4,19.2

26/04/2005,10:53:40,nan,0.0,0.0,0.2,nan,19.2

26/04/2005,11:08:40,nan,0.0,0.0,0.2,18.4,19.2

26/04/2005,11:23:40,nan,0.8,0.8,0.8,nan,20.0

26/04/2005,11:38:40,nan,0.4,1.2,1.2,nan,20.4

26/04/2005,11:53:40,nan,0.0,1.2,1.2,19.6,20.4

26/04/2005,12:08:40,nan,0.0,1.2,1.2,19.6,20.4

26/04/2005,12:23:40,nan,0.0,0.4,1.2,19.6,20.4

26/04/2005,12:38:40,nan,2.0,2.0,3.2,nan,22.4

26/04/2005,12:53:40,nan,1.2,3.2,4.4,22.8,23.6

26/04/2005,13:08:40,nan,2.8,6.0,7.2,25.6,26.4

26/04/2005,13:23:40,nan,3.2,9.2,10.4,28.8,29.6

26/04/2005,13:38:40,nan,0.0,7.2,10.4,28.8,29.6

26/04/2005,13:53:40,nan,0.2,6.2,10.6,nan,29.8

26/04/2005,14:08:40,nan,0.0,3.4,10.6,29.0,29.8

26/04/2005,14:23:40,nan,0.0,0.2,10.6,29.0,29.8

26/04/2005,14:38:40,nan,0.0,0.2,10.6,29.0,29.8

26/04/2005,14:53:40,nan,0.0,0.0,10.6,nan,29.8

26/04/2005,15:08:40,nan,0.0,0.0,10.6,nan,29.8

26/04/2005,15:23:40,nan,0.2,0.2,10.0,nan,30.0

26/04/2005,15:38:40,nan,0.0,0.2,9.6,nan,30.0

26/04/2005,15:53:40,nan,0.0,0.2,9.6,29.2,30.0

26/04/2005,16:08:40,nan,0.0,0.2,9.6,29.2,30.0

26/04/2005,16:23:40,nan,0.0,0.0,9.6,29.2,30.0

26/04/2005,16:38:40,nan,0.0,0.0,7.6,29.2,30.0

26/04/2005,16:53:40,nan,0.0,0.0,6.4,29.2,30.0

26/04/2005,17:08:40,nan,0.0,0.0,3.6,29.2,30.0

26/04/2005,17:23:40,nan,0.0,0.0,0.4,29.2,30.0

26/04/2005,17:38:40,nan,0.0,0.0,0.4,29.2,30.0

26/04/2005,17:53:40,nan,0.0,0.0,0.2,29.2,30.0

26/04/2005,18:08:40,nan,0.0,0.0,0.2,29.2,30.0

26/04/2005,18:23:40,nan,0.0,0.0,0.2,29.2,30.0

26/04/2005,18:38:40,nan,0.0,0.0,0.2,29.2,30.0

26/04/2005,18:53:40,nan,0.0,0.0,0.2,29.2,30.0

26/04/2005,19:08:40,nan,0.0,0.0,0.2,29.2,30.0

26/04/2005,19:23:40,nan,0.0,0.0,0.0,29.2,30.0

26/04/2005,19:38:40,nan,0.2,0.2,0.2,29.4,30.2

26/04/2005,19:53:40,nan,0.0,0.2,0.2,29.4,30.2

26/04/2005,20:08:40,nan,0.0,0.2,0.2,29.4,30.2

26/04/2005,20:23:40,nan,0.0,0.2,0.2,29.4,30.2

26/04/2005,20:38:40,nan,0.0,0.0,0.2,29.4,30.2

26/04/2005,20:53:40,nan,0.0,0.0,0.2,29.4,30.2

26/04/2005,21:08:40,nan,0.0,0.0,0.2,29.4,30.2

26/04/2005,21:23:40,nan,0.0,0.0,0.2,29.4,30.2

26/04/2005,21:38:40,nan,0.0,0.0,0.2,29.4,30.2

26/04/2005,21:53:40,nan,0.0,0.0,0.2,29.4,30.2

26/04/2005,22:08:40,nan,0.0,0.0,0.2,29.4,30.2

26/04/2005,22:23:40,nan,0.2,0.2,0.4,29.6,30.4

26/04/2005,22:38:40,nan,0.0,0.2,0.4,29.6,30.4

26/04/2005,22:53:40,nan,0.0,0.2,0.4,27.8,30.4

26/04/2005,23:08:40,nan,0.0,0.2,0.4,27.4,30.4

26/04/2005,23:23:40,nan,0.0,0.0,0.4,27.2,30.4

26/04/2005,23:38:40,nan,0.0,0.0,0.2,27.0,30.4

26/04/2005,23:53:40,nan,0.0,0.0,0.2,27.0,30.4

27/04/2005,00:08:40,nan,0.0,0.0,0.2,27.0,30.4

27/04/2005,00:23:40,nan,0.0,0.0,0.2,27.0,30.4

27/04/2005,00:38:40,nan,0.0,0.0,0.2,27.0,30.4

27/04/2005,00:53:40,nan,0.0,0.0,0.2,26.8,30.4

27/04/2005,01:08:40,nan,0.0,0.0,0.2,26.6,30.4

27/04/2005,01:23:40,nan,0.0,0.0,0.2,25.4,30.4

27/04/2005,01:38:40,nan,0.0,0.0,0.2,24.0,30.4

27/04/2005,01:53:40,nan,0.0,0.0,0.2,22.2,30.4

27/04/2005,02:08:40,nan,0.0,0.0,0.2,21.4,30.4

27/04/2005,02:23:40,nan,0.0,0.0,0.0,20.4,30.4

27/04/2005,02:38:40,nan,0.0,0.0,0.0,19.4,30.4

27/04/2005,02:53:40,nan,0.0,0.0,0.0,19.0,30.4

27/04/2005,03:08:40,nan,0.0,0.0,0.0,19.0,30.4

27/04/2005,03:23:40,nan,0.0,0.0,0.0,18.4,30.4

27/04/2005,03:38:40,nan,0.0,0.0,0.0,17.8,30.4

27/04/2005,03:53:40,nan,0.0,0.0,0.0,17.4,30.4

27/04/2005,04:08:40,nan,0.0,0.0,0.0,16.8,30.4

27/04/2005,04:23:40,nan,0.0,0.0,0.0,15.4,30.4

27/04/2005,04:38:40,nan,0.2,0.2,0.2,13.8,30.6

27/04/2005,04:53:40,nan,0.0,0.2,0.2,13.2,30.6

27/04/2005,05:08:40,nan,0.0,0.2,0.2,12.8,30.6

27/04/2005,05:23:40,nan,0.0,0.2,0.2,12.6,30.6

27/04/2005,05:38:40,nan,0.0,0.0,0.2,12.4,30.6

27/04/2005,05:53:40,nan,0.0,0.0,0.2,12.2,30.6

27/04/2005,06:08:40,nan,0.0,0.0,0.2,12.2,30.6

27/04/2005,06:23:40,nan,0.0,0.0,0.2,12.0,30.6

27/04/2005,06:38:40,nan,0.0,0.0,0.2,11.6,30.6

27/04/2005,06:53:40,nan,0.0,0.0,0.2,11.6,30.6

27/04/2005,07:08:40,nan,0.0,0.0,0.2,11.6,30.6

27/04/2005,07:23:40,nan,0.0,0.0,0.2,11.4,30.6

27/04/2005,07:38:40,nan,0.0,0.0,0.2,11.4,30.6

27/04/2005,07:53:40,nan,0.0,0.0,0.2,11.4,30.6

27/04/2005,08:08:40,nan,0.0,0.0,0.2,11.4,30.6

27/04/2005,08:23:40,nan,0.0,0.0,0.2,11.4,30.6

27/04/2005,08:38:40,nan,0.0,0.0,0.0,11.4,30.6

27/04/2005,08:53:40,nan,0.0,0.0,0.0,11.4,30.6

27/04/2005,09:08:40,nan,0.0,0.0,0.0,11.4,30.6

27/04/2005,09:23:40,nan,0.0,0.0,0.0,11.4,30.6

27/04/2005,09:38:40,nan,0.0,0.0,0.0,11.4,30.6

27/04/2005,09:53:40,nan,0.0,0.0,0.0,11.4,30.6

27/04/2005,10:08:40,nan,0.0,0.0,0.0,11.4,30.6

27/04/2005,10:23:40,nan,0.0,0.0,0.0,11.4,30.6

27/04/2005,10:38:40,nan,0.0,0.0,0.0,11.4,30.6

27/04/2005,10:53:40,nan,0.0,0.0,0.0,11.4,30.6

27/04/2005,11:08:40,nan,0.0,0.0,0.0,11.4,30.6

27/04/2005,11:23:40,nan,2.6,2.6,2.6,13.2,33.2

27/04/2005,11:38:40,nan,1.0,3.6,3.6,13.8,34.2

27/04/2005,11:53:40,nan,0.0,3.6,3.6,13.8,34.2

27/04/2005,12:08:40,nan,0.0,3.6,3.6,13.8,34.2

27/04/2005,12:23:40,nan,0.0,1.0,3.6,13.8,34.2

27/04/2005,12:38:40,nan,0.0,0.0,3.6,11.8,34.2

27/04/2005,12:53:40,nan,0.0,0.0,3.6,10.6,34.2

27/04/2005,13:08:40,nan,0.0,0.0,3.6,7.8,34.2

27/04/2005,13:23:40,nan,0.0,0.0,3.6,4.6,34.2

27/04/2005,13:38:40,nan,0.0,0.0,3.6,4.6,34.2

27/04/2005,13:53:40,nan,0.0,0.0,3.6,4.4,34.2

27/04/2005,14:08:40,nan,0.0,0.0,3.6,4.4,34.2

27/04/2005,14:23:40,nan,0.2,0.2,3.8,4.6,34.4

27/04/2005,14:38:40,nan,0.2,0.4,4.0,4.8,34.6

27/04/2005,14:53:40,nan,0.0,0.4,4.0,4.8,34.6

27/04/2005,15:08:40,nan,0.0,0.4,4.0,4.8,34.6

27/04/2005,15:23:40,nan,0.0,0.2,1.4,4.6,34.6

27/04/2005,15:38:40,nan,0.0,0.0,0.4,4.6,34.6

27/04/2005,15:53:40,nan,0.0,0.0,0.4,4.6,34.6

27/04/2005,16:08:40,nan,0.0,0.0,0.4,4.6,34.6

27/04/2005,16:23:40,nan,0.0,0.0,0.4,4.6,34.6

27/04/2005,16:38:40,nan,0.0,0.0,0.4,4.6,34.6

27/04/2005,16:53:40,nan,0.0,0.0,0.4,4.6,34.6

27/04/2005,17:08:40,nan,0.0,0.0,0.4,4.6,34.6

27/04/2005,17:23:40,nan,0.0,0.0,0.4,4.6,34.6

27/04/2005,17:38:40,nan,0.0,0.0,0.4,4.6,34.6

27/04/2005,17:53:40,nan,0.0,0.0,0.4,4.6,34.6

27/04/2005,18:08:40,nan,0.0,0.0,0.4,4.6,34.6

27/04/2005,18:23:40,nan,0.0,0.0,0.2,4.6,34.6

27/04/2005,18:38:40,nan,0.0,0.0,0.0,4.6,34.6

27/04/2005,18:53:40,nan,0.0,0.0,0.0,4.6,34.6

27/04/2005,19:08:40,nan,0.0,0.0,0.0,4.6,34.6

27/04/2005,19:23:40,nan,0.0,0.0,0.0,4.6,34.4

27/04/2005,19:38:40,nan,0.0,0.0,0.0,4.4,34.4

27/04/2005,19:53:40,nan,0.0,0.0,0.0,4.4,34.2

27/04/2005,20:08:40,nan,0.0,0.0,0.0,4.4,34.2

27/04/2005,20:23:40,nan,0.0,0.0,0.0,4.4,34.2

27/04/2005,20:38:40,nan,0.0,0.0,0.0,4.4,34.0

27/04/2005,20:53:40,nan,0.0,0.0,0.0,4.4,33.8

27/04/2005,21:08:40,nan,0.0,0.0,0.0,4.4,33.8

27/04/2005,21:23:40,nan,0.0,0.0,0.0,4.4,33.8

27/04/2005,21:38:40,nan,0.0,0.0,0.0,4.4,33.8

27/04/2005,21:53:40,nan,0.0,0.0,0.0,4.4,33.8

27/04/2005,22:08:40,nan,0.0,0.0,0.0,4.4,33.8

27/04/2005,22:23:40,nan,0.0,0.0,0.0,4.2,33.8

27/04/2005,22:38:40,nan,0.0,0.0,0.0,4.2,33.8

27/04/2005,22:53:40,nan,0.0,0.0,0.0,4.2,33.8

27/04/2005,23:08:40,nan,0.0,0.0,0.0,4.2,33.8

27/04/2005,23:23:40,nan,0.0,0.0,0.0,4.2,33.8

27/04/2005,23:38:40,nan,0.0,0.0,0.0,4.2,33.8

27/04/2005,23:53:40,nan,0.0,0.0,0.0,4.2,33.8

28/04/2005,00:08:40,nan,0.0,0.0,0.0,4.2,33.8

28/04/2005,00:23:40,nan,0.0,0.0,0.0,4.2,33.8

28/04/2005,00:38:40,nan,0.0,0.0,0.0,4.2,33.8

28/04/2005,00:53:40,nan,0.0,0.0,0.0,4.2,33.8

28/04/2005,01:08:40,nan,0.0,0.0,0.0,4.2,33.8

28/04/2005,01:23:40,nan,0.0,0.0,0.0,4.2,33.8

28/04/2005,01:38:40,nan,0.0,0.0,0.0,4.2,33.8

28/04/2005,01:53:40,nan,0.0,0.0,0.0,4.2,33.8

28/04/2005,02:08:40,nan,0.0,0.0,0.0,4.2,33.8

28/04/2005,02:23:40,nan,0.0,0.0,0.0,4.2,33.8

28/04/2005,02:38:40,nan,0.0,0.0,0.0,4.2,33.8

28/04/2005,02:53:40,nan,0.0,0.0,0.0,4.2,33.8

28/04/2005,03:08:40,nan,0.0,0.0,0.0,4.2,33.8

28/04/2005,03:23:40,nan,0.0,0.0,0.0,4.2,33.8

28/04/2005,03:38:40,nan,0.0,0.0,0.0,4.2,33.8

28/04/2005,03:53:40,nan,0.0,0.0,0.0,4.2,33.8

28/04/2005,04:08:40,nan,0.0,0.0,0.0,4.2,33.8

28/04/2005,04:23:40,nan,0.0,0.0,0.0,4.2,33.8

28/04/2005,04:38:40,nan,0.0,0.0,0.0,4.0,33.8

28/04/2005,04:53:40,nan,0.0,0.0,0.0,4.0,33.8

28/04/2005,05:08:40,nan,0.0,0.0,0.0,4.0,33.8

28/04/2005,05:23:40,nan,0.0,0.0,0.0,4.0,33.8

28/04/2005,05:38:40,nan,0.0,0.0,0.0,4.0,33.8

28/04/2005,05:53:40,nan,0.0,0.0,0.0,4.0,33.8

28/04/2005,06:08:40,nan,0.0,0.0,0.0,4.0,33.8

28/04/2005,06:23:40,nan,0.0,0.0,0.0,4.0,33.8

28/04/2005,06:38:40,nan,0.0,0.0,0.0,4.0,33.8

28/04/2005,06:53:40,nan,0.0,0.0,0.0,4.0,33.8

28/04/2005,07:08:40,nan,0.0,0.0,0.0,4.0,33.8

28/04/2005,07:23:40,nan,0.0,0.0,0.0,4.0,33.8

28/04/2005,07:38:40,nan,0.0,0.0,0.0,4.0,33.8

28/04/2005,07:53:40,nan,0.0,0.0,0.0,4.0,33.8

28/04/2005,08:08:40,nan,0.0,0.0,0.0,4.0,33.8

28/04/2005,08:23:40,nan,0.0,0.0,0.0,4.0,33.8

28/04/2005,08:38:40,nan,0.0,0.0,0.0,4.0,33.8

28/04/2005,08:53:40,nan,0.0,0.0,0.0,4.0,33.8

28/04/2005,09:08:40,nan,0.0,0.0,0.0,4.0,33.8

28/04/2005,09:23:40,nan,0.0,0.0,0.0,4.0,33.8

28/04/2005,09:38:40,nan,0.0,0.0,0.0,4.0,33.8

28/04/2005,09:53:40,nan,0.0,0.0,0.0,4.0,33.8

28/04/2005,10:08:40,nan,0.0,0.0,0.0,4.0,33.8

28/04/2005,10:23:40,nan,0.0,0.0,0.0,4.0,33.8

28/04/2005,10:38:40,nan,0.0,0.0,0.0,4.0,33.8

28/04/2005,10:53:40,nan,0.0,0.0,0.0,4.0,33.8

28/04/2005,11:08:40,nan,0.0,0.0,0.0,4.0,33.8

28/04/2005,11:23:40,nan,0.0,0.0,0.0,1.4,33.8

28/04/2005,11:38:40,nan,0.0,0.0,0.0,0.4,33.8

28/04/2005,11:53:40,nan,0.0,0.0,0.0,0.4,33.8

28/04/2005,12:08:40,nan,0.0,0.0,0.0,0.4,33.8

28/04/2005,12:23:40,nan,0.0,0.0,0.0,0.4,33.8

28/04/2005,12:38:40,nan,0.0,0.0,0.0,0.4,33.8

28/04/2005,12:53:40,nan,0.0,0.0,0.0,0.4,33.8

28/04/2005,13:08:40,nan,0.0,0.0,0.0,0.4,33.8

28/04/2005,13:23:40,nan,0.0,0.0,0.0,0.4,33.8

28/04/2005,13:38:40,nan,0.0,0.0,0.0,0.4,33.8

28/04/2005,13:53:40,nan,0.0,0.0,0.0,0.4,33.8

28/04/2005,14:08:40,nan,0.0,0.0,0.0,0.4,33.8

28/04/2005,14:23:40,nan,0.0,0.0,0.0,0.2,33.8

28/04/2005,14:38:40,nan,0.0,0.0,0.0,0.0,33.8

28/04/2005,14:53:40,nan,0.0,0.0,0.0,0.0,33.8

28/04/2005,15:08:40,nan,0.0,0.0,0.0,0.0,33.8

28/04/2005,15:23:40,nan,0.0,0.0,0.0,0.0,33.8

28/04/2005,15:38:40,nan,0.0,0.0,0.0,0.0,33.8

28/04/2005,15:53:40,nan,0.0,0.0,0.0,0.0,33.8

28/04/2005,16:08:40,nan,0.0,0.0,0.0,0.0,33.8

28/04/2005,16:23:40,nan,0.0,0.0,0.0,0.0,33.8

28/04/2005,16:38:40,nan,0.0,0.0,0.0,0.0,33.8

28/04/2005,16:53:40,nan,0.0,0.0,0.0,0.0,33.8

28/04/2005,17:08:40,nan,0.0,0.0,0.0,0.0,33.8

28/04/2005,17:23:40,nan,0.0,0.0,0.0,0.0,33.8

28/04/2005,17:38:40,nan,0.0,0.0,0.0,0.0,33.8

28/04/2005,17:53:40,nan,0.0,0.0,0.0,0.0,33.8

28/04/2005,18:08:40,nan,0.0,0.0,0.0,0.0,33.8

28/04/2005,18:23:40,nan,0.0,0.0,0.0,0.0,33.8

28/04/2005,18:38:40,nan,0.0,0.0,0.0,0.0,33.8

28/04/2005,18:53:40,nan,0.0,0.0,0.0,0.0,33.8

28/04/2005,19:08:40,nan,0.0,0.0,0.0,0.0,33.8

28/04/2005,19:23:40,nan,0.0,0.0,0.0,0.0,33.8

28/04/2005,19:38:40,nan,1.6,1.6,1.6,1.6,35.4

28/04/2005,19:53:40,nan,0.0,1.6,1.6,1.6,35.4

28/04/2005,20:08:40,nan,0.0,1.6,1.6,1.6,35.4

28/04/2005,20:23:40,nan,0.0,1.6,1.6,1.6,35.4

28/04/2005,20:38:40,nan,0.0,0.0,1.6,1.6,35.4

28/04/2005,20:53:40,nan,0.0,0.0,1.6,1.6,35.4

28/04/2005,21:08:40,nan,0.0,0.0,1.6,1.6,35.4

28/04/2005,21:23:40,nan,0.0,0.0,1.6,1.6,35.4

28/04/2005,21:38:40,nan,0.0,0.0,1.6,1.6,35.4

28/04/2005,21:53:40,nan,0.0,0.0,1.6,1.6,35.4

28/04/2005,22:08:40,nan,0.0,0.0,1.6,1.6,35.4

28/04/2005,22:23:40,nan,0.0,0.0,1.6,1.6,35.4

28/04/2005,22:38:40,nan,0.0,0.0,1.6,1.6,35.4

28/04/2005,22:53:40,nan,0.0,0.0,1.6,1.6,35.4

28/04/2005,23:08:40,nan,0.0,0.0,1.6,1.6,35.4

28/04/2005,23:23:40,nan,0.0,0.0,1.6,1.6,35.4

28/04/2005,23:38:40,nan,0.0,0.0,0.0,1.6,35.4

28/04/2005,23:53:40,nan,0.4,0.4,0.4,2.0,35.8

29/04/2005,00:08:40,nan,0.0,0.4,0.4,2.0,35.8

29/04/2005,00:23:40,nan,0.0,0.4,0.4,2.0,35.8

29/04/2005,00:38:40,nan,0.0,0.4,0.4,2.0,35.8

29/04/2005,00:53:40,nan,0.0,0.0,0.4,2.0,35.8

29/04/2005,01:08:40,nan,0.0,0.0,0.4,2.0,35.8

29/04/2005,01:23:40,nan,0.0,0.0,0.4,2.0,35.8

29/04/2005,01:38:40,nan,0.0,0.0,0.4,2.0,35.8

29/04/2005,01:53:40,nan,0.0,0.0,0.4,2.0,35.8

29/04/2005,02:08:40,nan,0.0,0.0,0.4,2.0,35.8

29/04/2005,02:23:40,nan,0.0,0.0,0.4,2.0,35.8

29/04/2005,02:38:40,nan,0.0,0.0,0.4,2.0,35.8

29/04/2005,02:53:40,nan,0.0,0.0,0.4,2.0,35.8

29/04/2005,03:08:40,nan,0.0,0.0,0.4,2.0,35.8

29/04/2005,03:23:40,nan,0.0,0.0,0.4,2.0,35.8

29/04/2005,03:38:40,nan,0.6,0.6,1.0,2.6,36.4

29/04/2005,03:53:40,nan,0.4,1.0,1.0,3.0,36.8

29/04/2005,04:08:40,nan,0.4,1.4,1.4,3.4,37.2

29/04/2005,04:23:40,nan,0.0,1.4,1.4,3.4,37.2

29/04/2005,04:38:40,nan,0.0,0.8,1.4,3.4,37.2

29/04/2005,04:53:40,nan,0.0,0.4,1.4,3.4,37.2

29/04/2005,05:08:40,nan,0.0,0.0,1.4,3.4,37.2

29/04/2005,05:23:40,nan,0.0,0.0,1.4,3.4,37.2

29/04/2005,05:38:40,nan,0.0,0.0,1.4,3.4,37.2

29/04/2005,05:53:40,nan,0.0,0.0,1.4,3.4,37.2

29/04/2005,06:08:40,nan,0.0,0.0,1.4,3.4,37.2

29/04/2005,06:23:40,nan,0.0,0.0,1.4,3.4,37.2

29/04/2005,06:38:40,nan,0.0,0.0,1.4,3.4,37.2

29/04/2005,06:53:40,nan,0.0,0.0,1.4,3.4,37.2

29/04/2005,07:08:40,nan,0.0,0.0,1.4,3.4,37.2

29/04/2005,07:23:40,nan,0.0,0.0,1.4,3.4,37.2

29/04/2005,07:38:40,nan,0.0,0.0,0.8,3.4,37.2

29/04/2005,07:53:40,nan,0.0,0.0,0.4,3.4,37.2

29/04/2005,08:08:40,nan,0.0,0.0,0.0,3.4,37.2

29/04/2005,08:23:40,nan,0.0,0.0,0.0,3.4,37.2

29/04/2005,08:38:40,nan,0.0,0.0,0.0,3.4,37.2

29/04/2005,08:53:40,nan,0.0,0.0,0.0,3.4,37.2

29/04/2005,09:08:40,nan,0.0,0.0,0.0,3.4,37.2

29/04/2005,09:23:40,nan,0.0,0.0,0.0,3.4,37.2

29/04/2005,09:38:40,nan,0.0,0.0,0.0,3.4,37.2

29/04/2005,09:53:40,nan,0.0,0.0,0.0,3.4,37.2

29/04/2005,10:08:40,nan,0.0,0.0,0.0,3.4,37.2

29/04/2005,10:23:40,nan,0.0,0.0,0.0,3.4,37.2

29/04/2005,10:38:40,nan,0.0,0.0,0.0,3.4,37.2

29/04/2005,10:53:40,nan,0.0,0.0,0.0,3.4,nan

29/04/2005,11:08:40,nan,0.0,0.0,0.0,3.4,37.2

29/04/2005,11:23:40,nan,0.0,0.0,0.0,3.4,nan

29/04/2005,11:38:40,nan,0.0,0.0,0.0,3.4,nan

29/04/2005,11:53:40,nan,0.0,0.0,0.0,3.4,37.2

29/04/2005,12:08:40,nan,0.0,0.0,0.0,3.4,37.2

29/04/2005,12:23:40,nan,0.0,0.0,0.0,3.4,37.2

29/04/2005,12:38:40,nan,0.0,0.0,0.0,3.4,nan

29/04/2005,12:53:40,nan,0.0,0.0,0.0,3.4,37.2

29/04/2005,13:08:40,nan,0.0,0.0,0.0,3.4,37.2

29/04/2005,13:23:40,nan,0.0,0.0,0.0,3.4,37.2

29/04/2005,13:38:40,nan,0.0,0.0,0.0,3.4,37.2

29/04/2005,13:53:40,nan,0.0,0.0,0.0,3.4,nan

29/04/2005,14:08:40,nan,0.0,0.0,0.0,3.4,37.2

29/04/2005,14:23:40,nan,0.0,0.0,0.0,3.4,37.2

29/04/2005,14:38:40,nan,0.0,0.0,0.0,3.4,37.2

29/04/2005,14:53:40,nan,0.0,0.0,0.0,3.4,nan

29/04/2005,15:08:40,nan,0.0,0.0,0.0,3.4,nan

29/04/2005,15:23:40,nan,0.0,0.0,0.0,3.4,nan

29/04/2005,15:38:40,nan,0.0,0.0,0.0,3.4,nan

29/04/2005,15:53:40,nan,0.0,0.0,0.0,3.4,37.2

29/04/2005,16:08:40,nan,0.0,0.0,0.0,3.4,37.2

29/04/2005,16:23:40,nan,0.0,0.0,0.0,3.4,37.2

29/04/2005,16:38:40,nan,0.0,0.0,0.0,3.4,37.2

29/04/2005,16:53:40,nan,0.0,0.0,0.0,3.4,37.2

29/04/2005,17:08:40,nan,0.0,0.0,0.0,3.4,37.2

29/04/2005,17:23:40,nan,0.0,0.0,0.0,3.4,37.2

29/04/2005,17:38:40,nan,0.0,0.0,0.0,3.4,37.2

29/04/2005,17:53:40,nan,0.0,0.0,0.0,3.4,37.2

29/04/2005,18:08:40,nan,0.0,0.0,0.0,3.4,37.2

29/04/2005,18:23:40,nan,0.0,0.0,0.0,3.4,37.2

29/04/2005,18:38:40,nan,0.0,0.0,0.0,3.4,37.2

29/04/2005,18:53:40,nan,0.0,0.0,0.0,3.4,37.2

29/04/2005,19:08:40,nan,0.0,0.0,0.0,3.4,37.2

29/04/2005,19:23:40,nan,0.0,0.0,0.0,3.4,37.2

29/04/2005,19:38:40,nan,0.0,0.0,0.0,1.8,37.2

29/04/2005,19:53:40,nan,0.0,0.0,0.0,1.8,37.2

29/04/2005,20:08:40,nan,0.0,0.0,0.0,1.8,37.2

29/04/2005,20:23:40,nan,0.0,0.0,0.0,1.8,37.2

29/04/2005,20:38:40,nan,0.0,0.0,0.0,1.8,37.2

29/04/2005,20:53:40,nan,0.0,0.0,0.0,1.8,37.2

29/04/2005,21:08:40,nan,0.0,0.0,0.0,1.8,37.2

29/04/2005,21:23:40,nan,0.0,0.0,0.0,1.8,37.2

29/04/2005,21:38:40,nan,0.0,0.0,0.0,1.8,37.2

29/04/2005,21:53:40,nan,0.0,0.0,0.0,1.8,37.2

29/04/2005,22:08:40,nan,0.0,0.0,0.0,1.8,37.2

29/04/2005,22:23:40,nan,0.0,0.0,0.0,1.8,37.2

29/04/2005,22:38:40,nan,0.0,0.0,0.0,1.8,37.2

29/04/2005,22:53:40,nan,0.0,0.0,0.0,1.8,35.4

29/04/2005,23:08:40,nan,0.0,0.0,0.0,1.8,35.0

29/04/2005,23:23:40,nan,0.0,0.0,0.0,1.8,34.8

29/04/2005,23:38:40,nan,0.0,0.0,0.0,1.8,34.6

29/04/2005,23:53:40,nan,0.0,0.0,0.0,1.4,34.6

30/04/2005,00:08:40,nan,0.0,0.0,0.0,1.4,34.6

30/04/2005,00:23:40,nan,0.0,0.0,0.0,1.4,34.6

30/04/2005,00:38:40,nan,0.0,0.0,0.0,1.4,34.6

30/04/2005,00:53:40,nan,0.0,0.0,0.0,1.4,34.4

30/04/2005,01:08:40,nan,0.0,0.0,0.0,1.4,34.2

30/04/2005,01:23:40,nan,0.0,0.0,0.0,1.4,33.0

30/04/2005,01:38:40,nan,0.0,0.0,0.0,1.4,31.6

30/04/2005,01:53:40,nan,0.2,0.2,0.2,1.6,30.0

30/04/2005,02:08:40,nan,0.0,0.2,0.2,1.6,29.2

30/04/2005,02:23:40,nan,0.0,0.2,0.2,1.6,28.2

30/04/2005,02:38:40,nan,0.0,0.2,0.2,1.6,27.2

30/04/2005,02:53:40,nan,0.0,0.0,0.2,1.6,26.8

30/04/2005,03:08:40,nan,0.0,0.0,0.2,1.6,26.8

30/04/2005,03:23:40,nan,0.0,0.0,0.2,1.6,26.2

30/04/2005,03:38:40,nan,0.0,0.0,0.2,1.0,25.6

30/04/2005,03:53:40,nan,0.0,0.0,0.2,0.6,25.2

30/04/2005,04:08:40,nan,0.0,0.0,0.2,0.2,24.6

30/04/2005,04:23:40,nan,0.0,0.0,0.2,0.2,23.2

30/04/2005,04:38:40,nan,0.0,0.0,0.2,0.2,21.4

30/04/2005,04:53:40,nan,0.0,0.0,0.2,0.2,20.8

30/04/2005,05:08:40,nan,0.0,0.0,0.2,0.2,20.4

30/04/2005,05:23:40,nan,0.0,0.0,0.2,0.2,20.2

30/04/2005,05:38:40,nan,0.0,0.0,0.2,0.2,20.0

30/04/2005,05:53:40,nan,0.0,0.0,0.0,0.2,19.8

30/04/2005,06:08:40,nan,0.0,0.0,0.0,0.2,19.8

30/04/2005,06:23:40,nan,0.0,0.0,0.0,0.2,19.6

30/04/2005,06:38:40,nan,0.0,0.0,0.0,0.2,19.2

30/04/2005,06:53:40,nan,0.0,0.0,0.0,0.2,19.2

30/04/2005,07:08:40,nan,0.0,0.0,0.0,0.2,19.2

30/04/2005,07:23:40,nan,0.0,0.0,0.0,0.2,19.0

30/04/2005,07:38:40,nan,0.0,0.0,0.0,0.2,19.0

30/04/2005,07:53:40,nan,0.0,0.0,0.0,0.2,19.0

30/04/2005,08:08:40,nan,0.0,0.0,0.0,0.2,19.0

30/04/2005,08:23:40,nan,0.0,0.0,0.0,0.2,19.0

30/04/2005,08:38:40,nan,0.2,0.2,0.2,0.4,19.2

30/04/2005,08:53:40,nan,0.0,0.2,0.2,0.4,19.2

30/04/2005,09:08:40,nan,0.0,0.2,0.2,0.4,19.2

30/04/2005,09:23:40,nan,0.0,0.2,0.2,0.4,19.2

30/04/2005,09:38:40,nan,0.0,0.0,0.2,0.4,19.2

30/04/2005,09:53:40,nan,0.0,0.0,0.2,0.4,19.2

30/04/2005,10:08:40,nan,0.0,0.0,0.2,0.4,19.2

30/04/2005,10:23:40,nan,0.0,0.0,0.2,0.4,19.2

30/04/2005,10:38:40,nan,0.0,0.0,0.2,0.4,19.2

30/04/2005,10:53:40,nan,0.0,0.0,0.2,0.4,19.2

30/04/2005,11:08:40,nan,0.4,0.4,0.6,0.8,19.6

30/04/2005,11:23:40,nan,0.2,0.6,0.8,1.0,19.0

30/04/2005,11:38:40,nan,1.2,1.8,2.0,2.2,19.8

30/04/2005,11:53:40,nan,0.2,2.0,2.2,2.4,20.0

30/04/2005,12:08:40,nan,0.0,1.6,2.2,2.4,20.0

30/04/2005,12:23:40,nan,0.0,1.4,2.2,2.4,20.0

30/04/2005,12:38:40,nan,0.0,0.2,2.0,2.4,18.0

30/04/2005,12:53:40,nan,0.0,0.0,2.0,2.4,16.8

30/04/2005,13:08:40,nan,0.0,0.0,2.0,2.4,14.0

30/04/2005,13:23:40,nan,0.0,0.0,2.0,2.4,10.8

30/04/2005,13:38:40,nan,0.0,0.0,2.0,2.4,10.8

30/04/2005,13:53:40,nan,0.4,0.4,2.4,2.8,11.0

30/04/2005,14:08:40,nan,0.4,0.8,2.8,3.2,11.4

30/04/2005,14:23:40,nan,0.0,0.8,2.8,3.2,11.4

30/04/2005,14:38:40,nan,0.0,0.8,2.8,3.2,11.4

30/04/2005,14:53:40,nan,0.0,0.4,2.8,3.2,11.4

30/04/2005,15:08:40,nan,0.0,0.0,2.4,3.2,11.4

30/04/2005,15:23:40,nan,0.0,0.0,2.2,3.2,11.2

30/04/2005,15:38:40,nan,0.0,0.0,1.0,3.2,11.2

30/04/2005,15:53:40,nan,0.0,0.0,0.8,3.2,11.2

30/04/2005,16:08:40,nan,0.0,0.0,0.8,3.2,11.2

30/04/2005,16:23:40,nan,0.0,0.0,0.8,3.2,11.2

30/04/2005,16:38:40,nan,0.0,0.0,0.8,3.2,11.2

30/04/2005,16:53:40,nan,0.0,0.0,0.8,3.2,11.2

30/04/2005,17:08:40,nan,0.0,0.0,0.8,3.2,11.2

30/04/2005,17:23:40,nan,0.0,0.0,0.8,3.2,11.2

30/04/2005,17:38:40,nan,0.0,0.0,0.8,3.2,11.2

30/04/2005,17:53:40,nan,0.2,0.2,0.6,3.4,11.4

30/04/2005,18:08:40,nan,0.0,0.2,0.2,3.4,11.4

30/04/2005,18:23:40,nan,0.0,0.2,0.2,3.4,11.4

30/04/2005,18:38:40,nan,0.0,0.2,0.2,3.4,11.4

30/04/2005,18:53:40,nan,0.0,0.0,0.2,3.4,11.4

30/04/2005,19:08:40,nan,0.0,0.0,0.2,3.4,11.4

30/04/2005,19:23:40,nan,0.0,0.0,0.2,3.4,11.4

30/04/2005,19:38:40,nan,0.0,0.0,0.2,3.4,11.2

30/04/2005,19:53:40,nan,0.0,0.0,0.2,3.4,11.2

30/04/2005,20:08:40,nan,0.0,0.0,0.2,3.4,11.2

30/04/2005,20:23:40,nan,0.0,0.0,0.2,3.4,11.2

30/04/2005,20:38:40,nan,0.0,0.0,0.2,3.4,11.2

30/04/2005,20:53:40,nan,0.0,0.0,0.2,3.4,11.2

30/04/2005,21:08:40,nan,0.0,0.0,0.2,3.4,11.2

30/04/2005,21:23:40,nan,0.0,0.0,0.2,3.4,11.2

30/04/2005,21:38:40,nan,0.6,0.6,0.8,4.0,11.8

30/04/2005,21:53:40,nan,0.0,0.6,0.6,4.0,11.8

30/04/2005,22:08:40,nan,0.0,0.6,0.6,4.0,11.8

30/04/2005,22:23:40,nan,0.2,0.8,0.8,4.2,11.8

30/04/2005,22:38:40,nan,0.0,0.2,0.8,4.2,11.8

30/04/2005,22:53:40,nan,0.0,0.2,0.8,4.2,11.8

30/04/2005,23:08:40,nan,0.0,0.2,0.8,4.2,11.8

30/04/2005,23:23:40,nan,0.4,0.4,1.2,4.6,12.2

30/04/2005,23:38:40,nan,0.2,0.6,1.4,4.8,12.4

30/04/2005,23:53:40,nan,0.0,0.6,1.4,4.8,12.4

