Dia,Hora,HBV,15 min,01 h,04 h,24 h,96 h

01/11/1998,00:01:40,HBV,0.0,0.0,2.0,9.6,10.4

01/11/1998,00:16:40,HBV,0.0,0.0,2.0,9.4,10.4

01/11/1998,00:31:40,HBV,0.0,0.0,2.0,8.9,10.4

01/11/1998,00:46:40,HBV,0.0,0.0,2.0,8.4,10.4

01/11/1998,01:01:40,HBV,0.0,0.0,1.8,8.2,10.4

01/11/1998,01:16:40,HBV,0.0,0.0,1.3,8.2,10.4

01/11/1998,01:31:40,HBV,0.0,0.0,0.8,8.2,10.4

01/11/1998,01:46:40,HBV,0.0,0.0,0.6,8.0,10.4

01/11/1998,02:01:40,HBV,0.0,0.0,0.4,7.8,10.4

01/11/1998,02:16:40,HBV,0.0,0.0,0.4,7.8,10.4

01/11/1998,02:31:40,HBV,0.0,0.0,0.2,7.6,10.4

01/11/1998,02:46:40,HBV,0.0,0.0,0.0,7.4,10.4

01/11/1998,03:01:40,HBV,0.0,0.0,0.0,7.2,10.4

01/11/1998,03:16:40,HBV,0.0,0.0,0.0,7.2,10.4

01/11/1998,03:31:40,HBV,0.0,0.0,0.0,7.2,10.4

01/11/1998,03:46:40,HBV,0.0,0.0,0.0,6.7,10.4

01/11/1998,04:01:40,HBV,0.0,0.0,0.0,6.5,10.4

01/11/1998,04:16:40,HBV,0.0,0.0,0.0,6.3,10.4

01/11/1998,04:31:40,HBV,0.0,0.0,0.0,6.3,10.4

01/11/1998,04:46:40,HBV,0.0,0.0,0.0,5.8,10.4

01/11/1998,05:01:40,HBV,0.0,0.0,0.0,5.8,10.4

01/11/1998,05:16:40,HBV,0.0,0.0,0.0,5.6,10.4

01/11/1998,05:31:40,HBV,0.0,0.0,0.0,5.6,10.4

01/11/1998,05:46:40,HBV,0.0,0.0,0.0,5.6,10.4

01/11/1998,06:01:40,HBV,0.0,0.0,0.0,5.6,10.4

01/11/1998,06:16:40,HBV,0.0,0.0,0.0,5.6,10.4

01/11/1998,06:31:40,HBV,0.0,0.0,0.0,5.6,10.4

01/11/1998,06:46:40,HBV,0.0,0.0,0.0,5.6,10.4

01/11/1998,07:01:40,HBV,0.0,0.0,0.0,5.6,10.4

01/11/1998,07:16:40,HBV,0.0,0.0,0.0,5.6,10.4

01/11/1998,07:31:40,HBV,0.0,0.0,0.0,5.6,10.4

01/11/1998,07:46:40,HBV,0.0,0.0,0.0,5.6,10.4

01/11/1998,08:01:40,HBV,0.0,0.0,0.0,5.6,10.4

01/11/1998,08:16:40,HBV,0.0,0.0,0.0,5.6,10.4

01/11/1998,08:31:40,HBV,0.0,0.0,0.0,5.4,10.4

01/11/1998,08:46:40,HBV,0.0,0.0,0.0,5.4,10.4

01/11/1998,09:01:40,HBV,0.0,0.0,0.0,5.4,10.4

01/11/1998,09:16:40,HBV,0.0,0.0,0.0,5.4,10.4

01/11/1998,09:31:40,HBV,0.0,0.0,0.0,5.4,10.4

01/11/1998,09:46:40,HBV,0.0,0.0,0.0,5.4,10.4

01/11/1998,10:01:40,HBV,0.0,0.0,0.0,5.4,10.4

01/11/1998,10:16:40,HBV,0.0,0.0,0.0,5.4,10.4

01/11/1998,10:31:40,HBV,0.0,0.0,0.0,5.2,10.4

01/11/1998,10:46:40,HBV,0.0,0.0,0.0,5.2,10.4

01/11/1998,11:01:40,HBV,0.0,0.0,0.0,5.2,10.4

01/11/1998,11:16:40,HBV,0.0,0.0,0.0,5.2,10.4

01/11/1998,11:31:40,HBV,0.0,0.0,0.0,5.2,10.4

01/11/1998,11:46:40,HBV,0.0,0.0,0.0,5.2,10.4

01/11/1998,12:01:40,HBV,0.0,0.0,0.0,5.2,10.4

01/11/1998,12:16:40,HBV,0.0,0.0,0.0,5.2,10.4

01/11/1998,12:31:40,HBV,0.0,0.0,0.0,5.2,10.4

01/11/1998,12:46:40,HBV,0.0,0.0,0.0,5.2,10.4

01/11/1998,13:01:40,HBV,0.0,0.0,0.0,5.2,10.4

01/11/1998,13:16:40,HBV,0.0,0.0,0.0,5.2,10.4

01/11/1998,13:31:40,HBV,0.0,0.0,0.0,5.2,10.4

01/11/1998,13:46:40,HBV,0.0,0.0,0.0,5.2,10.4

01/11/1998,14:01:40,HBV,0.0,0.0,0.0,5.0,10.4

01/11/1998,14:16:40,HBV,0.0,0.0,0.0,4.0,10.4

01/11/1998,14:31:40,HBV,0.0,0.0,0.0,3.3,10.4

01/11/1998,14:46:40,HBV,0.0,0.0,0.0,2.6,10.4

01/11/1998,15:01:40,HBV,0.0,0.0,0.0,2.4,10.4

01/11/1998,15:16:40,HBV,0.0,0.0,0.0,2.4,10.4

01/11/1998,15:31:40,HBV,0.0,0.0,0.0,2.4,10.4

01/11/1998,15:46:40,HBV,0.0,0.0,0.0,2.4,10.4

01/11/1998,16:01:40,HBV,0.0,0.0,0.0,2.2,10.4

01/11/1998,16:16:40,HBV,0.0,0.0,0.0,2.2,10.4

01/11/1998,16:31:40,HBV,0.0,0.0,0.0,2.2,10.4

01/11/1998,16:46:40,HBV,0.0,0.0,0.0,2.2,10.4

01/11/1998,17:01:40,HBV,0.0,0.0,0.0,2.0,10.4

01/11/1998,17:16:40,HBV,0.0,0.0,0.0,2.0,10.4

01/11/1998,17:31:40,HBV,0.0,0.0,0.0,2.0,10.4

01/11/1998,17:46:40,HBV,0.0,0.0,0.0,2.0,10.4

01/11/1998,18:01:40,HBV,0.0,0.0,0.0,2.0,10.4

01/11/1998,18:16:40,HBV,0.0,0.0,0.0,2.0,10.4

01/11/1998,18:31:40,HBV,0.0,0.0,0.0,2.0,10.4

01/11/1998,18:46:40,HBV,0.0,0.0,0.0,2.0,10.4

01/11/1998,19:01:40,HBV,0.0,0.0,0.0,2.0,10.4

01/11/1998,19:16:40,HBV,0.0,0.0,0.0,2.0,10.4

01/11/1998,19:31:40,HBV,0.0,0.0,0.0,2.0,10.4

01/11/1998,19:46:40,HBV,0.0,0.0,0.0,2.0,10.4

01/11/1998,20:01:40,HBV,0.0,0.0,0.0,2.0,10.4

01/11/1998,20:16:40,HBV,0.0,0.0,0.0,2.0,10.4

01/11/1998,20:31:40,HBV,0.0,0.0,0.0,2.0,10.4

01/11/1998,20:46:40,HBV,0.0,0.0,0.0,2.0,10.4

01/11/1998,21:01:40,HBV,0.0,0.0,0.0,1.8,10.4

01/11/1998,21:16:40,HBV,0.0,0.0,0.0,1.3,10.4

01/11/1998,21:31:40,HBV,0.0,0.0,0.0,0.8,10.4

01/11/1998,21:46:40,HBV,0.0,0.0,0.0,0.6,10.4

01/11/1998,22:01:40,HBV,0.0,0.0,0.0,0.4,10.4

01/11/1998,22:16:40,HBV,0.0,0.0,0.0,0.4,10.4

01/11/1998,22:31:40,HBV,0.0,0.0,0.0,0.2,10.4

01/11/1998,22:46:40,HBV,0.0,0.0,0.0,0.0,10.4

01/11/1998,23:01:40,HBV,0.0,0.0,0.0,0.0,10.4

01/11/1998,23:16:40,HBV,0.0,0.0,0.0,0.0,10.4

01/11/1998,23:31:40,HBV,0.0,0.0,0.0,0.0,10.4

01/11/1998,23:46:40,HBV,0.0,0.0,0.0,0.0,10.4

02/11/1998,00:01:40,HBV,0.0,0.0,0.0,0.0,10.4

02/11/1998,00:16:40,HBV,0.0,0.0,0.0,0.0,10.4

02/11/1998,00:31:40,HBV,0.0,0.0,0.0,0.0,10.4

02/11/1998,00:46:40,HBV,0.0,0.0,0.0,0.0,10.4

02/11/1998,01:01:40,HBV,0.0,0.0,0.0,0.0,10.4

02/11/1998,01:16:40,HBV,0.0,0.0,0.0,0.0,10.4

02/11/1998,01:31:40,HBV,0.0,0.0,0.0,0.0,10.4

02/11/1998,01:46:40,HBV,0.0,0.0,0.0,0.0,10.4

02/11/1998,02:01:40,HBV,0.0,0.0,0.0,0.0,10.4

02/11/1998,02:16:40,HBV,0.0,0.0,0.0,0.0,10.4

02/11/1998,02:31:40,HBV,0.0,0.0,0.0,0.0,10.4

02/11/1998,02:46:40,HBV,0.0,0.0,0.0,0.0,10.4

02/11/1998,03:01:40,HBV,0.0,0.0,0.0,0.0,10.4

02/11/1998,03:16:40,HBV,0.0,0.0,0.0,0.0,10.4

02/11/1998,03:31:40,HBV,0.0,0.0,0.0,0.0,10.4

02/11/1998,03:46:40,HBV,0.0,0.0,0.0,0.0,10.4

02/11/1998,04:01:40,HBV,0.0,0.0,0.0,0.0,10.4

02/11/1998,04:16:40,HBV,0.0,0.0,0.0,0.0,10.4

02/11/1998,04:31:40,HBV,0.0,0.0,0.0,0.0,10.4

02/11/1998,04:46:40,HBV,0.0,0.0,0.0,0.0,10.4

02/11/1998,05:01:40,HBV,0.0,0.0,0.0,0.0,10.4

02/11/1998,05:16:40,HBV,0.0,0.0,0.0,0.0,10.4

02/11/1998,05:31:40,HBV,0.0,0.0,0.0,0.0,10.4

02/11/1998,05:46:40,HBV,0.0,0.0,0.0,0.0,10.4

02/11/1998,06:01:40,HBV,0.0,0.0,0.0,0.0,10.4

02/11/1998,06:16:40,HBV,0.0,0.0,0.0,0.0,10.4

02/11/1998,06:31:40,HBV,0.0,0.0,0.0,0.0,10.4

02/11/1998,06:46:40,HBV,0.0,0.0,0.0,0.0,10.4

02/11/1998,07:01:40,HBV,0.2,0.2,0.2,0.2,10.6

02/11/1998,07:16:40,HBV,0.0,0.2,0.2,0.2,10.6

02/11/1998,07:31:40,HBV,0.0,0.2,0.2,0.2,10.6

02/11/1998,07:46:40,HBV,0.0,0.2,0.2,0.2,10.6

02/11/1998,08:01:40,HBV,0.0,0.0,0.2,0.2,10.6

02/11/1998,08:16:40,HBV,0.0,0.0,0.2,0.2,10.6

02/11/1998,08:31:40,HBV,0.0,0.0,0.2,0.2,10.6

02/11/1998,08:46:40,HBV,0.0,0.0,0.2,0.2,10.6

02/11/1998,09:01:40,HBV,0.0,0.0,0.2,0.2,10.6

02/11/1998,09:16:40,HBV,0.0,0.0,0.2,0.2,10.6

02/11/1998,09:31:40,HBV,0.0,0.0,0.2,0.2,10.6

02/11/1998,09:46:40,HBV,0.0,0.0,0.2,0.2,10.6

02/11/1998,10:01:40,HBV,0.0,0.0,0.2,0.2,10.6

02/11/1998,10:16:40,HBV,0.0,0.0,0.2,0.2,10.6

02/11/1998,10:31:40,HBV,0.0,0.0,0.2,0.2,10.6

02/11/1998,10:46:40,HBV,0.0,0.0,0.2,0.2,10.6

02/11/1998,11:01:40,HBV,0.0,0.0,0.0,0.2,10.6

02/11/1998,11:16:40,HBV,0.0,0.0,0.0,0.2,10.6

02/11/1998,11:31:40,HBV,0.0,0.0,0.0,0.2,10.6

02/11/1998,11:46:40,HBV,0.0,0.0,0.0,0.2,10.6

02/11/1998,12:01:40,HBV,0.0,0.0,0.0,0.2,10.6

02/11/1998,12:16:40,HBV,0.0,0.0,0.0,0.2,10.6

02/11/1998,12:31:40,HBV,0.0,0.0,0.0,0.2,10.6

02/11/1998,12:46:40,HBV,0.0,0.0,0.0,0.2,10.6

02/11/1998,13:01:40,HBV,0.0,0.0,0.0,0.2,10.6

02/11/1998,13:16:40,HBV,0.0,0.0,0.0,0.2,10.6

02/11/1998,13:31:40,nan,nan,nan,nan,nan,nan

02/11/1998,13:46:40,HBV,nan,0.0,0.0,0.2,10.6

02/11/1998,14:01:40,HBV,0.0,0.0,0.0,0.2,10.6

02/11/1998,14:16:40,HBV,0.0,0.0,0.0,0.2,10.6

02/11/1998,14:31:40,HBV,0.0,nan,0.0,0.2,10.6

02/11/1998,14:46:40,HBV,0.0,0.0,0.0,0.2,10.6

02/11/1998,15:01:40,HBV,0.0,0.0,0.0,0.2,10.6

02/11/1998,15:16:40,HBV,0.0,0.0,0.0,0.2,10.6

02/11/1998,15:31:40,HBV,0.0,0.0,0.0,0.2,10.6

02/11/1998,15:46:40,HBV,0.0,0.0,0.0,0.2,10.6

02/11/1998,16:01:40,HBV,0.0,0.0,0.0,0.2,10.6

02/11/1998,16:16:40,HBV,0.0,0.0,0.0,0.2,10.6

02/11/1998,16:31:40,HBV,0.0,0.0,0.0,0.2,10.6

02/11/1998,16:46:40,HBV,0.0,0.0,0.0,0.2,10.6

02/11/1998,17:01:40,HBV,0.0,0.0,0.0,0.2,10.6

02/11/1998,17:16:40,HBV,0.0,0.0,0.0,0.2,10.6

02/11/1998,17:31:40,HBV,0.0,0.0,nan,0.2,10.6

02/11/1998,17:46:40,HBV,0.0,0.0,0.0,0.2,10.6

02/11/1998,18:01:40,HBV,0.0,0.0,0.0,0.2,10.6

02/11/1998,18:16:40,HBV,0.0,0.0,0.0,0.2,10.6

02/11/1998,18:31:40,HBV,0.0,0.0,0.0,0.2,10.6

02/11/1998,18:46:40,HBV,0.0,0.0,0.0,0.2,10.6

02/11/1998,19:01:40,HBV,0.0,0.0,0.0,0.2,10.6

02/11/1998,19:16:40,HBV,0.0,0.0,0.0,0.2,10.6

02/11/1998,19:31:40,HBV,0.0,0.0,0.0,0.2,10.6

02/11/1998,19:46:40,HBV,0.0,0.0,0.0,0.2,10.6

02/11/1998,20:01:40,HBV,0.0,0.0,0.0,0.2,10.6

02/11/1998,20:16:40,HBV,0.0,0.0,0.0,0.2,10.6

02/11/1998,20:31:40,HBV,0.0,0.0,0.0,0.2,10.6

02/11/1998,20:46:40,HBV,0.0,0.0,0.0,0.2,10.6

02/11/1998,21:01:40,HBV,0.0,0.0,0.0,0.2,10.6

02/11/1998,21:16:40,HBV,0.0,0.0,0.0,0.2,10.6

02/11/1998,21:31:40,HBV,0.0,0.0,0.0,0.2,10.6

02/11/1998,21:46:40,HBV,0.0,0.0,0.0,0.2,10.6

02/11/1998,22:01:40,HBV,0.0,0.0,0.0,0.2,10.6

02/11/1998,22:16:40,HBV,0.0,0.0,0.0,0.2,10.6

02/11/1998,22:31:40,HBV,0.0,0.0,0.0,0.2,10.6

02/11/1998,22:46:40,HBV,0.0,0.0,0.0,0.2,10.6

02/11/1998,23:01:40,HBV,0.0,0.0,0.0,0.2,10.6

02/11/1998,23:16:40,HBV,0.0,0.0,0.0,0.2,10.6

02/11/1998,23:31:40,HBV,0.0,0.0,0.0,0.2,10.6

02/11/1998,23:46:40,HBV,0.0,0.0,0.0,0.2,10.6

03/11/1998,00:01:40,HBV,0.0,0.0,0.0,0.2,10.6

03/11/1998,00:16:40,HBV,0.0,0.0,0.0,0.2,10.6

03/11/1998,00:31:40,HBV,0.0,0.0,0.0,0.2,10.6

03/11/1998,00:46:40,HBV,0.0,0.0,0.0,0.2,10.6

03/11/1998,01:01:40,HBV,0.0,0.0,0.0,0.2,10.6

03/11/1998,01:16:40,HBV,0.0,0.0,0.0,0.2,10.6

03/11/1998,01:31:40,HBV,0.0,0.0,0.0,0.2,10.6

03/11/1998,01:46:40,HBV,0.0,0.0,0.0,0.2,10.6

03/11/1998,02:01:40,HBV,0.0,0.0,0.0,0.2,10.6

03/11/1998,02:16:40,HBV,0.0,0.0,0.0,0.2,10.6

03/11/1998,02:31:40,HBV,0.0,0.0,0.0,0.2,10.6

03/11/1998,02:46:40,HBV,0.0,0.0,0.0,0.2,10.6

03/11/1998,03:01:40,HBV,0.0,0.0,0.0,0.2,10.6

03/11/1998,03:16:40,HBV,0.0,0.0,0.0,0.2,10.6

03/11/1998,03:31:40,HBV,0.0,0.0,0.0,0.2,10.6

03/11/1998,03:46:40,HBV,0.0,0.0,0.0,0.2,10.6

03/11/1998,04:01:40,HBV,0.0,0.0,0.0,0.2,10.6

03/11/1998,04:16:40,HBV,0.0,0.0,0.0,0.2,10.6

03/11/1998,04:31:40,HBV,0.0,0.0,0.0,0.2,10.6

03/11/1998,04:46:40,HBV,0.0,0.0,0.0,0.2,10.6

03/11/1998,05:01:40,HBV,0.0,0.0,0.0,0.2,10.6

03/11/1998,05:16:40,HBV,0.0,0.0,0.0,0.2,10.6

03/11/1998,05:31:40,HBV,0.0,0.0,0.0,0.2,10.6

03/11/1998,05:46:40,HBV,0.0,0.0,0.0,0.2,10.6

03/11/1998,06:01:40,HBV,0.0,0.0,0.0,0.2,10.6

03/11/1998,06:16:40,HBV,0.0,0.0,0.0,0.2,10.6

03/11/1998,06:31:40,HBV,0.0,0.0,0.0,0.2,10.6

03/11/1998,06:46:40,HBV,0.0,0.0,0.0,0.2,10.6

03/11/1998,07:01:40,HBV,0.0,0.0,0.0,0.0,10.6

03/11/1998,07:16:40,HBV,0.0,0.0,0.0,0.0,10.6

03/11/1998,07:31:40,HBV,0.0,0.0,0.0,0.0,10.6

03/11/1998,07:46:40,HBV,0.0,0.0,0.0,0.0,10.6

03/11/1998,08:01:40,HBV,0.0,0.0,0.0,0.0,10.6

03/11/1998,08:16:40,HBV,0.0,0.0,0.0,0.0,10.6

03/11/1998,08:31:40,HBV,0.0,0.0,0.0,0.0,10.6

03/11/1998,08:46:40,HBV,0.0,0.0,0.0,0.0,10.6

03/11/1998,09:01:40,HBV,0.0,0.0,0.0,0.0,10.6

03/11/1998,09:16:40,HBV,0.0,0.0,0.0,0.0,10.6

03/11/1998,09:31:40,HBV,0.0,0.0,0.0,0.0,10.6

03/11/1998,09:46:40,HBV,0.0,0.0,0.0,0.0,10.6

03/11/1998,10:01:40,HBV,0.0,0.0,0.0,0.0,10.6

03/11/1998,10:16:40,HBV,0.0,0.0,0.0,0.0,10.6

03/11/1998,10:31:40,HBV,0.0,0.0,0.0,0.0,10.6

03/11/1998,10:46:40,HBV,0.0,0.0,0.0,0.0,10.6

03/11/1998,11:01:40,HBV,0.0,0.0,0.0,0.0,10.6

03/11/1998,11:16:40,HBV,0.0,0.0,0.0,0.0,10.6

03/11/1998,11:31:40,HBV,0.0,0.0,0.0,0.0,10.6

03/11/1998,11:46:40,HBV,0.0,0.0,0.0,0.0,10.6

03/11/1998,12:01:40,HBV,0.0,0.0,0.0,0.0,10.6

03/11/1998,12:16:40,HBV,0.0,0.0,0.0,0.0,10.6

03/11/1998,12:31:40,HBV,0.0,0.0,0.0,0.0,10.6

03/11/1998,12:46:40,HBV,0.0,0.0,0.0,0.0,10.6

03/11/1998,13:01:40,HBV,0.0,0.0,0.0,0.0,10.6

03/11/1998,13:16:40,HBV,0.0,0.0,0.0,0.0,10.6

03/11/1998,13:31:40,HBV,0.0,0.0,0.0,nan,10.6

03/11/1998,13:46:40,HBV,0.0,0.0,0.0,0.0,10.6

03/11/1998,14:01:40,HBV,0.0,0.0,0.0,0.0,10.6

03/11/1998,14:16:40,HBV,0.0,0.0,0.0,0.0,10.6

03/11/1998,14:31:40,HBV,0.0,0.0,0.0,0.0,10.6

03/11/1998,14:46:40,HBV,0.0,0.0,0.0,0.0,10.6

03/11/1998,15:01:40,HBV,0.0,0.0,0.0,0.0,10.6

03/11/1998,15:16:40,HBV,0.0,0.0,0.0,0.0,10.6

03/11/1998,15:31:40,HBV,0.0,0.0,0.0,0.0,10.6

03/11/1998,15:46:40,HBV,0.0,0.0,0.0,0.0,10.6

03/11/1998,16:01:40,HBV,0.0,0.0,0.0,0.0,10.6

03/11/1998,16:16:40,HBV,0.2,0.2,0.2,0.2,10.8

03/11/1998,16:31:40,HBV,0.5,0.7,0.7,0.7,11.3

03/11/1998,16:46:40,HBV,0.0,0.7,0.7,0.7,11.3

03/11/1998,17:01:40,HBV,0.2,0.9,0.9,0.9,11.5

03/11/1998,17:16:40,HBV,0.5,1.2,1.4,1.4,12.0

03/11/1998,17:31:40,HBV,0.0,0.7,1.4,1.4,12.0

03/11/1998,17:46:40,HBV,0.0,0.7,1.4,1.4,12.0

03/11/1998,18:01:40,HBV,0.0,0.5,1.4,1.4,12.0

03/11/1998,18:16:40,HBV,0.0,0.0,1.4,1.4,12.0

03/11/1998,18:31:40,HBV,0.0,0.0,1.4,1.4,12.0

03/11/1998,18:46:40,HBV,0.0,0.0,1.4,1.4,12.0

03/11/1998,19:01:40,HBV,0.0,0.0,1.4,1.4,12.0

03/11/1998,19:16:40,HBV,0.0,0.0,1.4,1.4,12.0

03/11/1998,19:31:40,HBV,0.0,0.0,1.4,1.4,11.8

03/11/1998,19:46:40,HBV,0.0,0.0,1.4,1.4,11.8

03/11/1998,20:01:40,HBV,0.0,0.0,1.4,1.4,11.8

03/11/1998,20:16:40,HBV,0.0,0.0,1.2,1.4,11.8

03/11/1998,20:31:40,HBV,0.0,0.0,0.7,1.4,11.8

03/11/1998,20:46:40,HBV,0.0,0.0,0.7,1.4,11.8

03/11/1998,21:01:40,HBV,0.0,0.0,0.5,1.4,11.8

03/11/1998,21:16:40,HBV,0.0,0.0,0.0,1.4,11.8

03/11/1998,21:31:40,HBV,0.0,0.0,0.0,1.4,11.8

03/11/1998,21:46:40,HBV,0.0,0.0,0.0,1.4,11.8

03/11/1998,22:01:40,HBV,0.0,0.0,0.0,1.4,11.6

03/11/1998,22:16:40,HBV,0.0,0.0,0.0,1.4,11.4

03/11/1998,22:31:40,HBV,0.0,0.0,0.0,1.4,11.4

03/11/1998,22:46:40,HBV,0.0,0.0,0.0,1.4,11.4

03/11/1998,23:01:40,HBV,0.0,0.0,0.0,1.4,11.4

03/11/1998,23:16:40,HBV,0.0,0.0,0.0,1.4,11.2

03/11/1998,23:31:40,HBV,0.0,0.0,0.0,1.4,11.2

03/11/1998,23:46:40,HBV,0.0,0.0,0.0,1.4,11.2

04/11/1998,00:01:40,HBV,0.0,0.0,0.0,1.4,11.2

04/11/1998,00:16:40,HBV,0.0,0.0,0.0,1.4,11.0

04/11/1998,00:31:40,HBV,0.0,0.0,0.0,1.4,10.5

04/11/1998,00:46:40,HBV,0.0,0.0,0.0,1.4,10.0

04/11/1998,01:01:40,HBV,0.0,0.0,0.0,1.4,9.8

04/11/1998,01:16:40,HBV,0.0,0.0,0.0,1.4,9.8

04/11/1998,01:31:40,HBV,0.2,0.2,0.2,1.6,10.0

04/11/1998,01:46:40,HBV,0.0,0.2,0.2,1.6,9.8

04/11/1998,02:01:40,HBV,0.2,0.4,0.4,1.8,9.8

04/11/1998,02:16:40,HBV,0.0,0.4,0.4,1.8,9.8

04/11/1998,02:31:40,HBV,0.2,0.4,0.6,2.0,9.8

04/11/1998,02:46:40,HBV,0.2,0.6,0.8,2.2,9.8

04/11/1998,03:01:40,HBV,0.0,0.4,0.8,2.2,9.6

04/11/1998,03:16:40,HBV,0.0,0.4,0.8,2.2,9.6

04/11/1998,03:31:40,HBV,0.2,0.4,1.0,2.4,9.8

04/11/1998,03:46:40,HBV,0.2,0.4,1.2,2.6,9.5

04/11/1998,04:01:40,HBV,0.2,0.6,1.4,2.8,9.5

04/11/1998,04:16:40,HBV,0.0,0.6,1.4,2.8,9.3

04/11/1998,04:31:40,HBV,0.0,0.4,1.4,2.8,9.3

04/11/1998,04:46:40,HBV,0.0,0.2,1.4,2.8,8.8

04/11/1998,05:01:40,HBV,0.0,0.0,1.4,2.8,8.8

04/11/1998,05:16:40,HBV,0.0,0.0,1.4,2.8,8.6

04/11/1998,05:31:40,HBV,0.0,0.0,1.2,2.8,8.6

04/11/1998,05:46:40,HBV,0.0,0.0,1.2,2.8,8.6

04/11/1998,06:01:40,HBV,0.0,0.0,1.0,2.8,8.6

04/11/1998,06:16:40,HBV,0.0,0.0,1.0,2.8,8.6

04/11/1998,06:31:40,HBV,0.0,0.0,0.8,2.8,8.6

04/11/1998,06:46:40,HBV,0.0,0.0,0.6,2.8,8.6

04/11/1998,07:01:40,HBV,0.0,0.0,0.6,2.8,8.6

04/11/1998,07:16:40,HBV,0.0,0.0,0.6,2.8,8.6

04/11/1998,07:31:40,HBV,0.0,0.0,0.4,2.8,8.6

04/11/1998,07:46:40,HBV,0.0,0.0,0.2,2.8,8.6

04/11/1998,08:01:40,HBV,0.0,0.0,0.0,2.8,8.6

04/11/1998,08:16:40,HBV,0.0,0.0,0.0,2.8,8.6

04/11/1998,08:31:40,HBV,0.0,0.0,0.0,2.8,8.4

04/11/1998,08:46:40,HBV,0.0,0.0,0.0,2.8,8.4

04/11/1998,09:01:40,HBV,0.0,0.0,0.0,2.8,8.4

04/11/1998,09:16:40,HBV,0.0,0.0,0.0,2.8,8.4

04/11/1998,09:31:40,HBV,0.0,0.0,0.0,2.8,8.4

04/11/1998,09:46:40,HBV,0.0,0.0,0.0,2.8,8.4

04/11/1998,10:01:40,HBV,0.0,0.0,0.0,2.8,8.4

04/11/1998,10:16:40,HBV,0.0,0.0,0.0,2.8,8.4

04/11/1998,10:31:40,HBV,0.0,0.0,0.0,2.8,8.2

04/11/1998,10:46:40,HBV,0.0,0.0,0.0,2.8,8.2

04/11/1998,11:01:40,HBV,0.0,0.0,0.0,2.8,8.2

04/11/1998,11:16:40,HBV,0.0,0.0,0.0,2.8,8.2

04/11/1998,11:31:40,HBV,0.0,0.0,0.0,2.8,8.2

04/11/1998,11:46:40,HBV,0.0,0.0,0.0,2.8,8.2

04/11/1998,12:01:40,HBV,0.0,0.0,0.0,2.8,8.2

04/11/1998,12:16:40,HBV,0.0,0.0,0.0,2.8,8.2

04/11/1998,12:31:40,HBV,0.0,0.0,0.0,2.8,8.2

04/11/1998,12:46:40,HBV,0.0,0.0,0.0,2.8,8.2

04/11/1998,13:01:40,HBV,0.0,0.0,0.0,2.8,8.2

04/11/1998,13:16:40,HBV,0.0,0.0,0.0,2.8,8.2

04/11/1998,13:31:40,HBV,0.0,0.0,0.0,2.8,8.2

04/11/1998,13:46:40,HBV,0.0,0.0,0.0,2.8,8.2

04/11/1998,14:01:40,HBV,0.0,0.0,0.0,2.8,8.0

04/11/1998,14:16:40,HBV,0.0,0.0,0.0,2.8,7.0

04/11/1998,14:31:40,HBV,0.0,0.0,0.0,2.8,6.3

04/11/1998,14:46:40,HBV,0.0,0.0,0.0,2.8,5.6

04/11/1998,15:01:40,HBV,0.0,0.0,0.0,2.8,5.4

04/11/1998,15:16:40,HBV,0.0,0.0,0.0,2.8,5.4

04/11/1998,15:31:40,HBV,0.0,0.0,0.0,2.8,5.4

04/11/1998,15:46:40,HBV,0.0,0.0,0.0,2.8,5.4

04/11/1998,16:01:40,HBV,0.0,0.0,0.0,2.8,5.2

04/11/1998,16:16:40,HBV,0.0,0.0,0.0,2.6,5.2

04/11/1998,16:31:40,HBV,0.0,0.0,0.0,2.1,5.2

04/11/1998,16:46:40,HBV,0.0,0.0,0.0,2.1,5.2

04/11/1998,17:01:40,HBV,0.0,0.0,0.0,1.9,5.0

04/11/1998,17:16:40,HBV,0.0,0.0,0.0,1.4,5.0

04/11/1998,17:31:40,HBV,0.0,0.0,0.0,1.4,5.0

04/11/1998,17:46:40,HBV,0.0,0.0,0.0,1.4,5.0

04/11/1998,18:01:40,HBV,0.0,0.0,0.0,1.4,5.0

04/11/1998,18:16:40,HBV,0.0,0.0,0.0,1.4,5.0

04/11/1998,18:31:40,HBV,0.0,0.0,0.0,1.4,5.0

04/11/1998,18:46:40,HBV,0.0,0.0,0.0,1.4,5.0

04/11/1998,19:01:40,HBV,0.0,0.0,0.0,1.4,5.0

04/11/1998,19:16:40,HBV,0.0,0.0,0.0,1.4,5.0

04/11/1998,19:31:40,HBV,0.0,0.0,0.0,1.4,5.0

04/11/1998,19:46:40,HBV,0.0,0.0,0.0,1.4,5.0

04/11/1998,20:01:40,HBV,0.0,0.0,0.0,1.4,5.0

04/11/1998,20:16:40,HBV,0.0,0.0,0.0,1.4,5.0

04/11/1998,20:31:40,HBV,0.0,0.0,0.0,1.4,5.0

04/11/1998,20:46:40,HBV,0.0,0.0,0.0,1.4,5.0

04/11/1998,21:01:40,HBV,0.0,0.0,0.0,1.4,4.8

04/11/1998,21:16:40,HBV,0.0,0.0,0.0,1.4,4.3

04/11/1998,21:31:40,HBV,0.0,0.0,0.0,1.4,3.8

04/11/1998,21:46:40,HBV,0.0,0.0,0.0,1.4,3.6

04/11/1998,22:01:40,HBV,0.0,0.0,0.0,1.4,3.4

04/11/1998,22:16:40,HBV,0.0,0.0,0.0,1.4,3.4

04/11/1998,22:31:40,HBV,0.0,0.0,0.0,1.4,3.2

04/11/1998,22:46:40,HBV,0.0,0.0,0.0,1.4,3.0

04/11/1998,23:01:40,HBV,0.0,0.0,0.0,1.4,3.0

04/11/1998,23:16:40,HBV,0.0,0.0,0.0,1.4,3.0

04/11/1998,23:31:40,HBV,0.0,0.0,0.0,1.4,3.0

04/11/1998,23:46:40,HBV,0.0,0.0,0.0,1.4,3.0

05/11/1998,00:01:40,HBV,0.0,0.0,0.0,1.4,3.0

05/11/1998,00:16:40,HBV,0.0,0.0,0.0,1.4,3.0

05/11/1998,00:31:40,HBV,0.0,0.0,0.0,1.4,3.0

05/11/1998,00:46:40,HBV,0.0,0.0,0.0,1.4,3.0

05/11/1998,01:01:40,HBV,0.0,0.0,0.0,1.4,3.0

05/11/1998,01:16:40,HBV,0.0,0.0,0.0,1.4,3.0

05/11/1998,01:31:40,HBV,0.0,0.0,0.0,1.2,3.0

05/11/1998,01:46:40,HBV,0.0,0.0,0.0,1.2,3.0

05/11/1998,02:01:40,HBV,0.0,0.0,0.0,1.0,3.0

05/11/1998,02:16:40,HBV,0.0,0.0,0.0,1.0,3.0

05/11/1998,02:31:40,HBV,0.0,0.0,0.0,0.8,3.0

05/11/1998,02:46:40,HBV,0.0,0.0,0.0,0.6,3.0

05/11/1998,03:01:40,HBV,0.0,0.0,0.0,0.6,3.0

05/11/1998,03:16:40,HBV,0.0,0.0,0.0,0.6,3.0

05/11/1998,03:31:40,HBV,0.0,0.0,0.0,0.4,3.0

05/11/1998,03:46:40,HBV,0.0,0.0,0.0,0.2,3.0

05/11/1998,04:01:40,HBV,0.0,0.0,0.0,0.0,3.0

05/11/1998,04:16:40,HBV,0.0,0.0,0.0,0.0,3.0

05/11/1998,04:31:40,HBV,0.0,0.0,0.0,0.0,3.0

05/11/1998,04:46:40,HBV,0.0,0.0,0.0,0.0,3.0

05/11/1998,05:01:40,HBV,0.0,0.0,0.0,0.0,3.0

05/11/1998,05:16:40,HBV,0.0,0.0,0.0,0.0,3.0

05/11/1998,05:31:40,HBV,0.0,0.0,0.0,0.0,3.0

05/11/1998,05:46:40,HBV,0.0,0.0,0.0,0.0,3.0

05/11/1998,06:01:40,HBV,0.0,0.0,0.0,0.0,3.0

05/11/1998,06:16:40,HBV,0.0,0.0,0.0,0.0,3.0

05/11/1998,06:31:40,HBV,0.0,0.0,0.0,0.0,3.0

05/11/1998,06:46:40,HBV,0.0,0.0,0.0,0.0,3.0

05/11/1998,07:01:40,HBV,0.0,0.0,0.0,0.0,3.0

05/11/1998,07:16:40,HBV,0.0,0.0,0.0,0.0,3.0

05/11/1998,07:31:40,HBV,0.0,0.0,0.0,0.0,3.0

05/11/1998,07:46:40,HBV,0.0,0.0,0.0,0.0,3.0

05/11/1998,08:01:40,HBV,0.0,0.0,0.0,0.0,3.0

05/11/1998,08:16:40,HBV,0.0,0.0,0.0,0.0,3.0

05/11/1998,08:31:40,HBV,0.0,0.0,0.0,0.0,3.0

05/11/1998,08:46:40,HBV,0.0,0.0,0.0,0.0,3.0

05/11/1998,09:01:40,HBV,0.0,0.0,0.0,0.0,3.0

05/11/1998,09:16:40,HBV,0.0,0.0,0.0,0.0,3.0

05/11/1998,09:31:40,HBV,0.0,0.0,0.0,0.0,3.0

05/11/1998,09:46:40,HBV,0.0,0.0,0.0,0.0,3.0

05/11/1998,10:01:40,HBV,0.0,0.0,0.0,0.0,3.0

05/11/1998,10:16:40,HBV,0.0,0.0,0.0,0.0,3.0

05/11/1998,10:31:40,HBV,0.0,0.0,0.0,0.0,3.0

05/11/1998,10:46:40,HBV,0.0,0.0,0.0,0.0,3.0

05/11/1998,11:01:40,HBV,0.0,0.0,0.0,0.0,3.0

05/11/1998,11:16:40,HBV,0.0,0.0,0.0,0.0,3.0

05/11/1998,11:31:40,HBV,0.0,0.0,0.0,0.0,3.0

05/11/1998,11:46:40,HBV,0.0,0.0,0.0,0.0,3.0

05/11/1998,12:01:40,HBV,0.0,0.0,0.0,0.0,3.0

05/11/1998,12:16:40,HBV,0.0,0.0,0.0,0.0,3.0

05/11/1998,12:31:40,HBV,0.0,0.0,0.0,0.0,3.0

05/11/1998,12:46:40,HBV,0.0,0.0,0.0,0.0,3.0

05/11/1998,13:01:40,HBV,0.0,0.0,0.0,0.0,3.0

05/11/1998,13:16:40,HBV,0.0,0.0,0.0,0.0,3.0

05/11/1998,13:31:40,HBV,0.0,0.0,0.0,0.0,3.0

05/11/1998,13:46:40,HBV,0.0,0.0,0.0,0.0,3.0

05/11/1998,14:01:40,HBV,0.0,0.0,0.0,0.0,3.0

05/11/1998,14:16:40,HBV,0.0,0.0,0.0,0.0,3.0

05/11/1998,14:31:40,HBV,0.0,0.0,0.0,0.0,3.0

05/11/1998,14:46:40,HBV,0.0,0.0,0.0,0.0,3.0

05/11/1998,15:01:40,HBV,0.0,0.0,0.0,0.0,3.0

05/11/1998,15:16:40,HBV,0.0,0.0,0.0,0.0,3.0

05/11/1998,15:31:40,HBV,0.0,0.0,0.0,0.0,3.0

05/11/1998,15:46:40,HBV,0.0,0.0,0.0,0.0,3.0

05/11/1998,16:01:40,HBV,0.0,0.0,0.0,0.0,3.0

05/11/1998,16:16:40,HBV,0.0,0.0,0.0,0.0,3.0

05/11/1998,16:31:40,HBV,0.0,0.0,0.0,0.0,3.0

05/11/1998,16:46:40,HBV,0.0,0.0,0.0,0.0,3.0

05/11/1998,17:01:40,HBV,0.0,0.0,0.0,0.0,3.0

05/11/1998,17:16:40,HBV,0.0,0.0,0.0,0.0,3.0

05/11/1998,17:31:40,HBV,0.0,0.0,0.0,0.0,3.0

05/11/1998,17:46:40,HBV,0.0,0.0,0.0,0.0,3.0

05/11/1998,18:01:40,HBV,0.0,0.0,0.0,0.0,3.0

05/11/1998,18:16:40,HBV,0.0,0.0,0.0,0.0,3.0

05/11/1998,18:31:40,HBV,0.0,0.0,0.0,0.0,3.0

05/11/1998,18:46:40,HBV,0.0,0.0,0.0,0.0,3.0

05/11/1998,19:01:40,HBV,0.0,0.0,0.0,0.0,3.0

05/11/1998,19:16:40,HBV,0.0,0.0,0.0,0.0,3.0

05/11/1998,19:31:40,HBV,0.0,0.0,0.0,0.0,3.0

05/11/1998,19:46:40,HBV,0.0,0.0,0.0,0.0,3.0

05/11/1998,20:01:40,HBV,0.0,0.0,0.0,0.0,3.0

05/11/1998,20:16:40,HBV,0.0,0.0,0.0,0.0,3.0

05/11/1998,20:31:40,HBV,0.0,0.0,0.0,0.0,3.0

05/11/1998,20:46:40,HBV,0.0,0.0,0.0,0.0,3.0

05/11/1998,21:01:40,HBV,0.0,0.0,0.0,0.0,3.0

05/11/1998,21:16:40,HBV,0.0,0.0,0.0,0.0,3.0

05/11/1998,21:31:40,HBV,0.0,0.0,0.0,0.0,3.0

05/11/1998,21:46:40,HBV,0.0,0.0,0.0,0.0,3.0

05/11/1998,22:01:40,HBV,0.0,0.0,0.0,0.0,3.0

05/11/1998,22:16:40,HBV,0.0,0.0,0.0,0.0,3.0

05/11/1998,22:31:40,HBV,0.0,0.0,0.0,0.0,3.0

05/11/1998,22:46:40,HBV,0.0,0.0,0.0,0.0,3.0

05/11/1998,23:01:40,HBV,0.0,0.0,0.0,0.0,3.0

05/11/1998,23:16:40,HBV,0.0,0.0,0.0,0.0,3.0

05/11/1998,23:31:40,HBV,0.0,0.0,0.0,0.0,3.0

05/11/1998,23:46:40,HBV,0.0,0.0,0.0,0.0,3.0

06/11/1998,00:01:40,HBV,0.0,0.0,0.0,0.0,3.0

06/11/1998,00:16:40,HBV,0.0,0.0,0.0,0.0,3.0

06/11/1998,00:31:40,HBV,0.0,0.0,0.0,0.0,3.0

06/11/1998,00:46:40,HBV,0.0,0.0,0.0,0.0,3.0

06/11/1998,01:01:40,HBV,0.0,0.0,0.0,0.0,3.0

06/11/1998,01:16:40,HBV,0.0,0.0,0.0,0.0,3.0

06/11/1998,01:31:40,HBV,0.0,0.0,0.0,0.0,3.0

06/11/1998,01:46:40,HBV,0.0,0.0,0.0,0.0,3.0

06/11/1998,02:01:40,HBV,0.0,0.0,0.0,0.0,3.0

06/11/1998,02:16:40,HBV,0.0,0.0,0.0,0.0,3.0

06/11/1998,02:31:40,HBV,0.0,0.0,0.0,0.0,3.0

06/11/1998,02:46:40,HBV,0.0,0.0,0.0,0.0,3.0

06/11/1998,03:01:40,HBV,0.0,0.0,0.0,0.0,3.0

06/11/1998,03:16:40,HBV,0.0,0.0,0.0,0.0,3.0

06/11/1998,03:31:40,HBV,0.0,0.0,0.0,0.0,3.0

06/11/1998,03:46:40,HBV,0.0,0.0,0.0,0.0,3.0

06/11/1998,04:01:40,HBV,0.0,0.0,0.0,0.0,3.0

06/11/1998,04:16:40,HBV,0.0,0.0,0.0,0.0,3.0

06/11/1998,04:31:40,HBV,0.0,0.0,0.0,0.0,3.0

06/11/1998,04:46:40,HBV,0.0,0.0,0.0,0.0,3.0

06/11/1998,05:01:40,HBV,0.0,0.0,0.0,0.0,3.0

06/11/1998,05:16:40,HBV,0.0,0.0,0.0,0.0,3.0

06/11/1998,05:31:40,HBV,0.0,0.0,0.0,0.0,3.0

06/11/1998,05:46:40,HBV,0.0,0.0,0.0,0.0,3.0

06/11/1998,06:01:40,HBV,0.0,0.0,0.0,0.0,3.0

06/11/1998,06:16:40,HBV,0.0,0.0,0.0,0.0,3.0

06/11/1998,06:31:40,HBV,0.0,0.0,0.0,0.0,3.0

06/11/1998,06:46:40,HBV,0.0,0.0,0.0,0.0,3.0

06/11/1998,07:01:40,HBV,0.0,0.0,0.0,0.0,2.8

06/11/1998,07:16:40,HBV,0.0,0.0,0.0,0.0,2.8

06/11/1998,07:31:40,HBV,0.0,0.0,0.0,0.0,2.8

06/11/1998,07:46:40,HBV,0.0,0.0,0.0,0.0,2.8

06/11/1998,08:01:40,HBV,0.0,0.0,0.0,0.0,2.8

06/11/1998,08:16:40,HBV,0.0,0.0,0.0,0.0,2.8

06/11/1998,08:31:40,HBV,0.0,0.0,0.0,0.0,2.8

06/11/1998,08:46:40,HBV,0.0,0.0,0.0,0.0,2.8

06/11/1998,09:01:40,HBV,0.0,0.0,0.0,0.0,2.8

06/11/1998,09:16:40,HBV,0.0,0.0,0.0,0.0,2.8

06/11/1998,09:31:40,HBV,0.0,0.0,0.0,0.0,2.8

06/11/1998,09:46:40,HBV,0.0,0.0,0.0,0.0,2.8

06/11/1998,10:01:40,HBV,0.0,0.0,0.0,0.0,2.8

06/11/1998,10:16:40,HBV,0.0,0.0,0.0,0.0,2.8

06/11/1998,10:31:40,HBV,0.0,0.0,0.0,0.0,2.8

06/11/1998,10:46:40,HBV,0.0,0.0,0.0,0.0,2.8

06/11/1998,11:01:40,HBV,0.0,0.0,0.0,0.0,2.8

06/11/1998,11:16:40,HBV,0.0,0.0,0.0,0.0,2.8

06/11/1998,11:31:40,HBV,0.0,0.0,0.0,0.0,2.8

06/11/1998,11:46:40,HBV,0.0,0.0,0.0,0.0,2.8

06/11/1998,12:01:40,HBV,0.0,0.0,0.0,0.0,2.8

06/11/1998,12:16:40,HBV,0.0,0.0,0.0,0.0,2.8

06/11/1998,12:31:40,HBV,0.0,0.0,0.0,0.0,2.8

06/11/1998,12:46:40,HBV,0.0,0.0,0.0,0.0,2.8

06/11/1998,13:01:40,HBV,0.0,0.0,0.0,0.0,2.8

06/11/1998,13:16:40,HBV,0.0,0.0,0.0,0.0,2.8

06/11/1998,13:31:40,HBV,0.0,0.0,0.0,0.0,nan

06/11/1998,13:46:40,HBV,0.0,0.0,0.0,0.0,2.8

06/11/1998,14:01:40,HBV,0.0,0.0,0.0,0.0,2.8

06/11/1998,14:16:40,HBV,0.0,0.0,0.0,0.0,2.8

06/11/1998,14:31:40,HBV,0.0,0.0,0.0,0.0,2.8

06/11/1998,14:46:40,HBV,0.0,0.0,0.0,0.0,2.8

06/11/1998,15:01:40,HBV,0.0,0.0,0.0,0.0,2.8

06/11/1998,15:16:40,HBV,0.0,0.0,0.0,0.0,2.8

06/11/1998,15:31:40,HBV,0.0,0.0,0.0,0.0,2.8

06/11/1998,15:46:40,HBV,0.0,0.0,0.0,0.0,2.8

06/11/1998,16:01:40,HBV,0.0,0.0,0.0,0.0,2.8

06/11/1998,16:16:40,HBV,0.0,0.0,0.0,0.0,2.8

06/11/1998,16:31:40,HBV,0.0,0.0,0.0,0.0,2.8

06/11/1998,16:46:40,HBV,0.0,0.0,0.0,0.0,2.8

06/11/1998,17:01:40,HBV,0.0,0.0,0.0,0.0,2.8

06/11/1998,17:16:40,HBV,0.0,0.0,0.0,0.0,2.8

06/11/1998,17:31:40,HBV,0.0,0.0,0.0,0.0,2.8

06/11/1998,17:46:40,HBV,0.0,0.0,0.0,0.0,2.8

06/11/1998,18:01:40,HBV,0.0,0.0,0.0,0.0,2.8

06/11/1998,18:16:40,HBV,0.0,0.0,0.0,0.0,2.8

06/11/1998,18:31:40,HBV,0.0,0.0,0.0,0.0,2.8

06/11/1998,18:46:40,HBV,0.0,0.0,0.0,0.0,2.8

06/11/1998,19:01:40,HBV,0.0,0.0,0.0,0.0,2.8

06/11/1998,19:16:40,HBV,0.0,0.0,0.0,0.0,2.8

06/11/1998,19:31:40,HBV,0.0,0.0,0.0,0.0,2.8

06/11/1998,19:46:40,HBV,0.0,0.0,0.0,0.0,2.8

06/11/1998,20:01:40,HBV,0.0,0.0,0.0,0.0,2.8

06/11/1998,20:16:40,HBV,0.0,0.0,0.0,0.0,2.8

06/11/1998,20:31:40,HBV,0.0,0.0,0.0,0.0,2.8

06/11/1998,20:46:40,HBV,0.0,0.0,0.0,0.0,2.8

06/11/1998,21:01:40,HBV,0.0,0.0,0.0,0.0,2.8

06/11/1998,21:16:40,HBV,0.0,0.0,0.0,0.0,2.8

06/11/1998,21:31:40,HBV,0.0,0.0,0.0,0.0,2.8

06/11/1998,21:46:40,HBV,0.0,0.0,0.0,0.0,2.8

06/11/1998,22:01:40,HBV,0.0,0.0,0.0,0.0,2.8

06/11/1998,22:16:40,HBV,0.0,0.0,0.0,0.0,2.8

06/11/1998,22:31:40,HBV,0.0,0.0,0.0,0.0,2.8

06/11/1998,22:46:40,HBV,0.0,0.0,0.0,0.0,2.8

06/11/1998,23:01:40,HBV,0.0,0.0,0.0,0.0,2.8

06/11/1998,23:16:40,HBV,0.0,0.0,0.0,0.0,2.8

06/11/1998,23:31:40,HBV,0.0,0.0,0.0,0.0,2.8

06/11/1998,23:46:40,HBV,0.0,0.0,0.0,0.0,2.8

07/11/1998,00:01:40,HBV,0.0,0.0,0.0,0.0,2.8

07/11/1998,00:16:40,HBV,0.0,0.0,0.0,0.0,2.8

07/11/1998,00:31:40,HBV,0.0,0.0,0.0,0.0,2.8

07/11/1998,00:46:40,HBV,0.0,0.0,0.0,0.0,2.8

07/11/1998,01:01:40,HBV,0.0,0.0,0.0,0.0,2.8

07/11/1998,01:16:40,HBV,0.0,0.0,0.0,0.0,2.8

07/11/1998,01:31:40,HBV,0.0,0.0,0.0,0.0,2.8

07/11/1998,01:46:40,HBV,0.0,0.0,0.0,0.0,2.8

07/11/1998,02:01:40,HBV,0.0,0.0,0.0,0.0,2.8

07/11/1998,02:16:40,HBV,0.0,0.0,0.0,0.0,2.8

07/11/1998,02:31:40,HBV,0.0,0.0,0.0,0.0,2.8

07/11/1998,02:46:40,HBV,0.0,0.0,0.0,0.0,2.8

07/11/1998,03:01:40,HBV,0.0,0.0,0.0,0.0,2.8

07/11/1998,03:16:40,HBV,0.0,0.0,0.0,0.0,2.8

07/11/1998,03:31:40,HBV,0.0,0.0,0.0,0.0,2.8

07/11/1998,03:46:40,HBV,0.0,0.0,0.0,0.0,2.8

07/11/1998,04:01:40,HBV,0.0,0.0,0.0,0.0,2.8

07/11/1998,04:16:40,HBV,0.0,0.0,0.0,0.0,2.8

07/11/1998,04:31:40,HBV,0.0,0.0,0.0,0.0,2.8

07/11/1998,04:46:40,HBV,0.0,0.0,0.0,0.0,2.8

07/11/1998,05:01:40,HBV,0.0,0.0,0.0,0.0,2.8

07/11/1998,05:16:40,HBV,0.0,0.0,0.0,0.0,2.8

07/11/1998,05:31:40,HBV,0.0,0.0,0.0,0.0,2.8

07/11/1998,05:46:40,HBV,0.0,0.0,0.0,0.0,2.8

07/11/1998,06:01:40,HBV,0.0,0.0,0.0,0.0,2.8

07/11/1998,06:16:40,HBV,0.0,0.0,0.0,0.0,2.8

07/11/1998,06:31:40,HBV,0.0,0.0,0.0,0.0,2.8

07/11/1998,06:46:40,HBV,0.0,0.0,0.0,0.0,2.8

07/11/1998,07:01:40,HBV,0.0,0.0,0.0,0.0,2.8

07/11/1998,07:16:40,HBV,0.0,0.0,0.0,0.0,2.8

07/11/1998,07:31:40,HBV,0.0,0.0,0.0,0.0,2.8

07/11/1998,07:46:40,HBV,0.0,0.0,0.0,0.0,2.8

07/11/1998,08:01:40,HBV,0.0,0.0,0.0,0.0,2.8

07/11/1998,08:16:40,HBV,0.0,0.0,0.0,0.0,2.8

07/11/1998,08:31:40,HBV,0.0,0.0,0.0,0.0,2.8

07/11/1998,08:46:40,HBV,0.0,0.0,0.0,0.0,2.8

07/11/1998,09:01:40,HBV,0.0,0.0,0.0,0.0,2.8

07/11/1998,09:16:40,HBV,0.0,0.0,0.0,0.0,2.8

07/11/1998,09:31:40,HBV,0.0,0.0,0.0,0.0,2.8

07/11/1998,09:46:40,HBV,0.0,0.0,0.0,0.0,2.8

07/11/1998,10:01:40,HBV,0.0,0.0,0.0,0.0,2.8

07/11/1998,10:16:40,HBV,0.0,0.0,0.0,0.0,2.8

07/11/1998,10:31:40,HBV,0.0,0.0,0.0,0.0,2.8

07/11/1998,10:46:40,HBV,0.0,0.0,0.0,0.0,2.8

07/11/1998,11:01:40,HBV,0.0,0.0,0.0,0.0,2.8

07/11/1998,11:16:40,HBV,0.0,0.0,0.0,0.0,2.8

07/11/1998,11:31:40,HBV,0.0,0.0,0.0,0.0,2.8

07/11/1998,11:46:40,HBV,0.0,0.0,0.0,0.0,2.8

07/11/1998,12:01:40,HBV,0.0,0.0,0.0,0.0,2.8

07/11/1998,12:16:40,HBV,0.0,0.0,0.0,0.0,2.8

07/11/1998,12:31:40,HBV,0.0,0.0,0.0,0.0,2.8

07/11/1998,12:46:40,HBV,0.0,0.0,0.0,0.0,2.8

07/11/1998,13:01:40,HBV,0.0,0.0,0.0,0.0,2.8

07/11/1998,13:16:40,HBV,0.0,0.0,0.0,0.0,2.8

07/11/1998,13:31:40,HBV,0.0,0.0,0.0,0.0,2.8

07/11/1998,13:46:40,HBV,0.0,0.0,0.0,0.0,2.8

07/11/1998,14:01:40,HBV,0.0,0.0,0.0,0.0,2.8

07/11/1998,14:16:40,HBV,0.0,0.0,0.0,0.0,2.8

07/11/1998,14:31:40,HBV,0.0,0.0,0.0,0.0,2.8

07/11/1998,14:46:40,HBV,0.0,0.0,0.0,0.0,2.8

07/11/1998,15:01:40,HBV,0.0,0.0,0.0,0.0,2.8

07/11/1998,15:16:40,HBV,0.0,0.0,0.0,0.0,2.8

07/11/1998,15:31:40,HBV,0.0,0.0,0.0,0.0,2.8

07/11/1998,15:46:40,HBV,0.0,0.0,0.0,0.0,2.8

07/11/1998,16:01:40,HBV,0.0,0.0,0.0,0.0,2.8

07/11/1998,16:16:40,HBV,0.0,0.0,0.0,0.0,2.6

07/11/1998,16:31:40,HBV,0.0,0.0,0.0,0.0,2.1

07/11/1998,16:46:40,HBV,0.0,0.0,0.0,0.0,2.1

07/11/1998,17:01:40,HBV,0.0,0.0,0.0,0.0,1.9

07/11/1998,17:16:40,HBV,0.0,0.0,0.0,0.0,1.4

07/11/1998,17:31:40,HBV,0.0,0.0,0.0,0.0,1.4

07/11/1998,17:46:40,HBV,0.0,0.0,0.0,0.0,1.4

07/11/1998,18:01:40,HBV,0.0,0.0,0.0,0.0,1.4

07/11/1998,18:16:40,HBV,0.0,0.0,0.0,0.0,1.4

07/11/1998,18:31:40,HBV,0.0,0.0,0.0,0.0,1.4

07/11/1998,18:46:40,HBV,0.0,0.0,0.0,0.0,1.4

07/11/1998,19:01:40,HBV,0.0,0.0,0.0,0.0,1.4

07/11/1998,19:16:40,HBV,0.0,0.0,0.0,0.0,1.4

07/11/1998,19:31:40,HBV,0.0,0.0,0.0,0.0,1.4

07/11/1998,19:46:40,HBV,0.0,0.0,0.0,0.0,1.4

07/11/1998,20:01:40,HBV,0.0,0.0,0.0,0.0,1.4

07/11/1998,20:16:40,HBV,0.0,0.0,0.0,0.0,1.4

07/11/1998,20:31:40,HBV,0.0,0.0,0.0,0.0,1.4

07/11/1998,20:46:40,HBV,0.0,0.0,0.0,0.0,1.4

07/11/1998,21:01:40,HBV,0.0,0.0,0.0,0.0,1.4

07/11/1998,21:16:40,HBV,0.0,0.0,0.0,0.0,1.4

07/11/1998,21:31:40,HBV,0.0,0.0,0.0,0.0,1.4

07/11/1998,21:46:40,HBV,0.0,0.0,0.0,0.0,1.4

07/11/1998,22:01:40,HBV,0.0,0.0,0.0,0.0,1.4

07/11/1998,22:16:40,HBV,0.0,0.0,0.0,0.0,1.4

07/11/1998,22:31:40,HBV,0.0,0.0,0.0,0.0,1.4

07/11/1998,22:46:40,HBV,0.0,0.0,0.0,0.0,1.4

07/11/1998,23:01:40,HBV,0.0,0.0,0.0,0.0,1.4

07/11/1998,23:16:40,HBV,0.0,0.0,0.0,0.0,1.4

07/11/1998,23:31:40,HBV,0.0,0.0,0.0,0.0,1.4

07/11/1998,23:46:40,HBV,0.0,0.0,0.0,0.0,1.4

08/11/1998,00:01:40,HBV,0.0,0.0,0.0,0.0,1.4

08/11/1998,00:16:40,HBV,0.0,0.0,0.0,0.0,1.4

08/11/1998,00:31:40,HBV,0.0,0.0,0.0,0.0,1.4

08/11/1998,00:46:40,HBV,0.0,0.0,0.0,0.0,1.4

08/11/1998,01:01:40,HBV,0.0,0.0,0.0,0.0,1.4

08/11/1998,01:16:40,HBV,0.0,0.0,0.0,0.0,1.4

08/11/1998,01:31:40,HBV,0.0,0.0,0.0,0.0,1.2

08/11/1998,01:46:40,HBV,0.0,0.0,0.0,0.0,1.2

08/11/1998,02:01:40,HBV,0.0,0.0,0.0,0.0,1.0

08/11/1998,02:16:40,HBV,0.0,0.0,0.0,0.0,1.0

08/11/1998,02:31:40,HBV,0.0,0.0,0.0,0.0,0.8

08/11/1998,02:46:40,HBV,0.0,0.0,0.0,0.0,0.6

08/11/1998,03:01:40,HBV,0.0,0.0,0.0,0.0,0.6

08/11/1998,03:16:40,HBV,0.0,0.0,0.0,0.0,0.6

08/11/1998,03:31:40,HBV,0.0,0.0,0.0,0.0,0.4

08/11/1998,03:46:40,HBV,0.0,0.0,0.0,0.0,0.2

08/11/1998,04:01:40,HBV,0.0,0.0,0.0,0.0,0.0

08/11/1998,04:16:40,HBV,0.0,0.0,0.0,0.0,0.0

08/11/1998,04:31:40,HBV,0.0,0.0,0.0,0.0,0.0

08/11/1998,04:46:40,HBV,0.0,0.0,0.0,0.0,0.0

08/11/1998,05:01:40,HBV,0.0,0.0,0.0,0.0,0.0

08/11/1998,05:16:40,HBV,0.0,0.0,0.0,0.0,0.0

08/11/1998,05:31:40,HBV,0.0,0.0,0.0,0.0,0.0

08/11/1998,05:46:40,HBV,0.0,0.0,0.0,0.0,0.0

08/11/1998,06:01:40,HBV,0.0,0.0,0.0,0.0,0.0

08/11/1998,06:16:40,HBV,0.0,0.0,0.0,0.0,0.0

08/11/1998,06:31:40,HBV,0.0,0.0,0.0,0.0,0.0

08/11/1998,06:46:40,HBV,0.0,0.0,0.0,0.0,0.0

08/11/1998,07:01:40,HBV,0.0,0.0,0.0,0.0,0.0

08/11/1998,07:16:40,HBV,0.0,0.0,0.0,0.0,0.0

08/11/1998,07:31:40,HBV,0.0,0.0,0.0,0.0,0.0

08/11/1998,07:46:40,HBV,0.0,0.0,0.0,0.0,0.0

08/11/1998,08:01:40,HBV,0.0,0.0,0.0,0.0,0.0

08/11/1998,08:16:40,HBV,0.0,0.0,0.0,0.0,0.0

08/11/1998,08:31:40,HBV,0.0,0.0,0.0,0.0,0.0

08/11/1998,08:46:40,HBV,0.0,0.0,0.0,0.0,0.0

08/11/1998,09:01:40,HBV,0.0,0.0,0.0,0.0,0.0

08/11/1998,09:16:40,HBV,0.0,0.0,0.0,0.0,0.0

08/11/1998,09:31:40,HBV,0.0,0.0,0.0,0.0,0.0

08/11/1998,09:46:40,HBV,0.0,0.0,0.0,0.0,0.0

08/11/1998,10:01:40,HBV,0.0,0.0,0.0,0.0,0.0

08/11/1998,10:16:40,HBV,0.0,0.0,0.0,0.0,0.0

08/11/1998,10:31:40,HBV,0.0,0.0,0.0,0.0,0.0

08/11/1998,10:46:40,HBV,0.0,0.0,0.0,0.0,0.0

08/11/1998,11:01:40,HBV,0.0,0.0,0.0,0.0,0.0

08/11/1998,11:16:40,HBV,0.0,0.0,0.0,0.0,0.0

08/11/1998,11:31:40,HBV,0.0,0.0,0.0,0.0,0.0

08/11/1998,11:46:40,HBV,0.0,0.0,0.0,0.0,0.0

08/11/1998,12:01:40,HBV,0.0,0.0,0.0,0.0,0.0

08/11/1998,12:16:40,HBV,0.0,0.0,0.0,0.0,0.0

08/11/1998,12:31:40,HBV,0.0,0.0,0.0,0.0,0.0

08/11/1998,12:46:40,HBV,0.0,0.0,0.0,0.0,0.0

08/11/1998,13:01:40,HBV,0.0,0.0,0.0,0.0,0.0

08/11/1998,13:16:40,HBV,0.0,0.0,0.0,0.0,0.0

08/11/1998,13:31:40,HBV,0.0,0.0,0.0,0.0,0.0

08/11/1998,13:46:40,HBV,0.0,0.0,0.0,0.0,0.0

08/11/1998,14:01:40,HBV,0.0,0.0,0.0,0.0,0.0

08/11/1998,14:16:40,HBV,0.0,0.0,0.0,0.0,0.0

08/11/1998,14:31:40,HBV,0.0,0.0,0.0,0.0,0.0

08/11/1998,14:46:40,HBV,0.0,0.0,0.0,0.0,0.0

08/11/1998,15:01:40,HBV,0.0,0.0,0.0,0.0,0.0

08/11/1998,15:16:40,HBV,0.0,0.0,0.0,0.0,0.0

08/11/1998,15:31:40,HBV,0.0,0.0,0.0,0.0,0.0

08/11/1998,15:46:40,HBV,0.0,0.0,0.0,0.0,0.0

08/11/1998,16:01:40,HBV,0.0,0.0,0.0,0.0,0.0

08/11/1998,16:16:40,HBV,0.0,0.0,0.0,0.0,0.0

08/11/1998,16:31:40,HBV,0.0,0.0,0.0,0.0,0.0

08/11/1998,16:46:40,HBV,0.0,0.0,0.0,0.0,0.0

08/11/1998,17:01:40,HBV,0.0,0.0,0.0,0.0,0.0

08/11/1998,17:16:40,HBV,0.0,0.0,0.0,0.0,0.0

08/11/1998,17:31:40,HBV,0.0,0.0,0.0,0.0,0.0

08/11/1998,17:46:40,HBV,0.0,0.0,0.0,0.0,0.0

08/11/1998,18:01:40,HBV,0.0,0.0,0.0,0.0,0.0

08/11/1998,18:16:40,HBV,0.0,0.0,0.0,0.0,0.0

08/11/1998,18:31:40,HBV,0.0,0.0,0.0,0.0,0.0

08/11/1998,18:46:40,HBV,0.0,0.0,0.0,0.0,0.0

08/11/1998,19:01:40,HBV,0.0,0.0,0.0,0.0,0.0

08/11/1998,19:16:40,HBV,0.0,0.0,0.0,0.0,0.0

08/11/1998,19:31:40,HBV,0.0,0.0,0.0,0.0,0.0

08/11/1998,19:46:40,HBV,0.0,0.0,0.0,0.0,0.0

08/11/1998,20:01:40,HBV,0.0,0.0,0.0,0.0,0.0

08/11/1998,20:16:40,HBV,1.0,1.0,1.0,1.0,1.0

08/11/1998,20:31:40,HBV,1.5,2.5,2.5,2.5,2.5

08/11/1998,20:46:40,HBV,0.2,2.7,2.7,2.7,2.7

08/11/1998,21:01:40,HBV,1.0,3.7,3.7,3.7,3.7

08/11/1998,21:16:40,HBV,0.5,3.2,4.2,4.2,4.2

08/11/1998,21:31:40,HBV,0.5,2.2,4.7,4.7,4.7

08/11/1998,21:46:40,HBV,0.5,2.5,5.2,5.2,5.2

08/11/1998,22:01:40,HBV,0.0,1.5,5.2,5.2,5.2

08/11/1998,22:16:40,HBV,1.0,2.0,6.2,6.2,6.2

08/11/1998,22:31:40,HBV,1.0,2.5,7.2,7.2,7.2

08/11/1998,22:46:40,HBV,0.5,2.5,7.7,7.7,7.7

08/11/1998,23:01:40,HBV,0.0,2.5,7.7,7.7,7.7

08/11/1998,23:16:40,HBV,0.0,1.5,7.7,7.7,7.7

08/11/1998,23:31:40,HBV,0.0,0.5,7.7,7.7,7.7

08/11/1998,23:46:40,HBV,0.0,0.0,7.7,7.7,7.7

09/11/1998,00:01:40,HBV,0.0,0.0,7.7,7.7,7.7

09/11/1998,00:16:40,HBV,0.0,0.0,6.7,7.7,7.7

09/11/1998,00:31:40,HBV,0.0,0.0,5.2,7.7,7.7

09/11/1998,00:46:40,HBV,0.0,0.0,5.0,7.7,7.7

09/11/1998,01:01:40,HBV,0.0,0.0,4.0,7.7,7.7

09/11/1998,01:16:40,HBV,0.0,0.0,3.5,7.7,7.7

09/11/1998,01:31:40,HBV,0.2,0.2,3.2,7.9,7.9

09/11/1998,01:46:40,HBV,0.5,0.7,3.2,8.4,8.4

09/11/1998,02:01:40,HBV,0.2,0.9,3.4,8.6,8.6

09/11/1998,02:16:40,HBV,0.0,0.9,2.4,8.6,8.6

09/11/1998,02:31:40,HBV,0.0,0.7,1.4,8.6,8.6

09/11/1998,02:46:40,HBV,0.0,0.2,0.9,8.6,8.6

09/11/1998,03:01:40,HBV,0.0,0.0,0.9,8.6,8.6

09/11/1998,03:16:40,HBV,0.0,0.0,0.9,8.6,8.6

09/11/1998,03:31:40,HBV,0.0,0.0,0.9,8.6,8.6

09/11/1998,03:46:40,HBV,0.0,0.0,0.9,8.6,8.6

09/11/1998,04:01:40,HBV,0.0,0.0,0.9,8.6,8.6

09/11/1998,04:16:40,HBV,0.0,0.0,0.9,8.6,8.6

09/11/1998,04:31:40,HBV,0.0,0.0,0.9,8.6,8.6

09/11/1998,04:46:40,HBV,0.0,0.0,0.9,8.6,8.6

09/11/1998,05:01:40,HBV,0.0,0.0,0.9,8.6,8.6

09/11/1998,05:16:40,HBV,0.0,0.0,0.9,8.6,8.6

09/11/1998,05:31:40,HBV,0.0,0.0,0.7,8.6,8.6

09/11/1998,05:46:40,HBV,0.0,0.0,0.2,8.6,8.6

09/11/1998,06:01:40,HBV,0.0,0.0,0.0,8.6,8.6

09/11/1998,06:16:40,HBV,0.0,0.0,0.0,8.6,8.6

09/11/1998,06:31:40,HBV,0.0,0.0,0.0,8.6,8.6

09/11/1998,06:46:40,HBV,0.0,0.0,0.0,8.6,8.6

09/11/1998,07:01:40,HBV,0.0,0.0,0.0,8.6,8.6

09/11/1998,07:16:40,HBV,0.0,0.0,0.0,8.6,8.6

09/11/1998,07:31:40,HBV,0.0,0.0,0.0,8.6,8.6

09/11/1998,07:46:40,HBV,0.0,0.0,0.0,8.6,8.6

09/11/1998,08:01:40,HBV,0.0,0.0,0.0,8.6,8.6

09/11/1998,08:16:40,HBV,0.0,0.0,0.0,8.6,8.6

09/11/1998,08:31:40,HBV,0.0,0.0,0.0,8.6,8.6

09/11/1998,08:46:40,HBV,0.0,0.0,0.0,8.6,8.6

09/11/1998,09:01:40,HBV,0.0,0.0,0.0,8.6,8.6

09/11/1998,09:16:40,HBV,0.0,0.0,0.0,8.6,8.6

09/11/1998,09:31:40,HBV,0.0,0.0,0.0,8.6,8.6

09/11/1998,09:46:40,HBV,0.0,0.0,0.0,8.6,8.6

09/11/1998,10:01:40,HBV,0.0,0.0,0.0,8.6,8.6

09/11/1998,10:16:40,HBV,0.0,0.0,0.0,8.6,8.6

09/11/1998,10:31:40,HBV,0.0,0.0,0.0,8.6,8.6

09/11/1998,10:46:40,HBV,0.0,0.0,0.0,8.6,8.6

09/11/1998,11:01:40,HBV,0.0,0.0,0.0,8.6,8.6

09/11/1998,11:16:40,HBV,0.0,0.0,0.0,8.6,8.6

09/11/1998,11:31:40,HBV,0.0,0.0,0.0,8.6,8.6

09/11/1998,11:46:40,HBV,0.0,0.0,0.0,8.6,8.6

09/11/1998,12:01:40,HBV,0.0,0.0,0.0,8.6,8.6

09/11/1998,12:16:40,HBV,0.0,0.0,0.0,8.6,8.6

09/11/1998,12:31:40,HBV,0.0,0.0,0.0,8.6,8.6

09/11/1998,12:46:40,HBV,0.0,0.0,0.0,8.6,8.6

09/11/1998,13:01:40,HBV,0.0,0.0,0.0,8.6,8.6

09/11/1998,13:16:40,HBV,0.0,0.0,0.0,8.6,8.6

09/11/1998,13:31:40,HBV,0.0,0.0,0.0,8.6,8.6

09/11/1998,13:46:40,HBV,0.0,0.0,0.0,8.6,8.6

09/11/1998,14:01:40,HBV,0.0,0.0,0.0,8.6,8.6

09/11/1998,14:16:40,HBV,0.0,0.0,0.0,8.6,8.6

09/11/1998,14:31:40,HBV,0.0,0.0,0.0,8.6,8.6

09/11/1998,14:46:40,HBV,0.0,0.0,0.0,8.6,8.6

09/11/1998,15:01:40,HBV,0.0,0.0,0.0,8.6,8.6

09/11/1998,15:16:40,HBV,0.0,0.0,0.0,8.6,8.6

09/11/1998,15:31:40,HBV,0.0,0.0,0.0,8.6,8.6

09/11/1998,15:46:40,HBV,0.0,0.0,0.0,8.6,8.6

09/11/1998,16:01:40,HBV,0.0,0.0,0.0,8.6,8.6

09/11/1998,16:16:40,HBV,0.0,0.0,0.0,8.6,8.6

09/11/1998,16:31:40,HBV,0.0,0.0,0.0,8.6,8.6

09/11/1998,16:46:40,HBV,0.0,0.0,0.0,8.6,8.6

09/11/1998,17:01:40,HBV,0.0,0.0,0.0,8.6,8.6

09/11/1998,17:16:40,HBV,0.0,0.0,0.0,8.6,8.6

09/11/1998,17:31:40,HBV,0.0,0.0,0.0,8.6,8.6

09/11/1998,17:46:40,HBV,0.0,0.0,0.0,8.6,8.6

09/11/1998,18:01:40,HBV,0.0,0.0,0.0,8.6,8.6

09/11/1998,18:16:40,HBV,0.0,0.0,0.0,8.6,8.6

09/11/1998,18:31:40,HBV,0.0,0.0,0.0,8.6,8.6

09/11/1998,18:46:40,HBV,0.0,0.0,0.0,8.6,8.6

09/11/1998,19:01:40,HBV,0.0,0.0,0.0,8.6,8.6

09/11/1998,19:16:40,HBV,0.0,0.0,0.0,8.6,8.6

09/11/1998,19:31:40,HBV,0.0,0.0,0.0,8.6,8.6

09/11/1998,19:46:40,HBV,0.0,0.0,0.0,8.6,8.6

09/11/1998,20:01:40,HBV,0.0,0.0,0.0,8.6,8.6

09/11/1998,20:16:40,HBV,0.0,0.0,0.0,7.6,8.6

09/11/1998,20:31:40,HBV,0.0,0.0,0.0,6.1,8.6

09/11/1998,20:46:40,HBV,0.0,0.0,0.0,5.9,8.6

09/11/1998,21:01:40,HBV,0.0,0.0,0.0,4.9,8.6

09/11/1998,21:16:40,HBV,0.0,0.0,0.0,4.4,8.6

09/11/1998,21:31:40,HBV,0.0,0.0,0.0,3.9,8.6

09/11/1998,21:46:40,HBV,0.0,0.0,0.0,3.4,8.6

09/11/1998,22:01:40,HBV,0.0,0.0,0.0,3.4,8.6

09/11/1998,22:16:40,HBV,0.0,0.0,0.0,2.4,8.6

09/11/1998,22:31:40,HBV,0.0,0.0,0.0,1.4,8.6

09/11/1998,22:46:40,HBV,0.0,0.0,0.0,0.9,8.6

09/11/1998,23:01:40,HBV,0.0,0.0,0.0,0.9,8.6

09/11/1998,23:16:40,HBV,0.0,0.0,0.0,0.9,8.6

09/11/1998,23:31:40,HBV,0.0,0.0,0.0,0.9,8.6

09/11/1998,23:46:40,HBV,0.0,0.0,0.0,0.9,8.6

10/11/1998,00:01:40,HBV,0.0,0.0,0.0,0.9,8.6

10/11/1998,00:16:40,HBV,0.0,0.0,0.0,0.9,8.6

10/11/1998,00:31:40,HBV,0.0,0.0,0.0,0.9,8.6

10/11/1998,00:46:40,HBV,0.0,0.0,0.0,0.9,8.6

10/11/1998,01:01:40,HBV,0.0,0.0,0.0,0.9,8.6

10/11/1998,01:16:40,HBV,0.0,0.0,0.0,0.9,8.6

10/11/1998,01:31:40,HBV,0.0,0.0,0.0,0.7,8.6

10/11/1998,01:46:40,HBV,0.0,0.0,0.0,0.2,8.6

10/11/1998,02:01:40,HBV,0.0,0.0,0.0,0.0,8.6

10/11/1998,02:16:40,HBV,0.0,0.0,0.0,0.0,8.6

10/11/1998,02:31:40,HBV,0.0,0.0,0.0,0.0,8.6

10/11/1998,02:46:40,HBV,0.0,0.0,0.0,0.0,8.6

10/11/1998,03:01:40,HBV,0.0,0.0,0.0,0.0,8.6

10/11/1998,03:16:40,HBV,0.0,0.0,0.0,0.0,8.6

10/11/1998,03:31:40,HBV,0.0,0.0,0.0,0.0,8.6

10/11/1998,03:46:40,HBV,0.0,0.0,0.0,0.0,8.6

10/11/1998,04:01:40,HBV,0.0,0.0,0.0,0.0,8.6

10/11/1998,04:16:40,HBV,0.0,0.0,0.0,0.0,8.6

10/11/1998,04:31:40,HBV,0.0,0.0,0.0,0.0,8.6

10/11/1998,04:46:40,HBV,0.0,0.0,0.0,0.0,8.6

10/11/1998,05:01:40,HBV,0.0,0.0,0.0,0.0,8.6

10/11/1998,05:16:40,HBV,0.0,0.0,0.0,0.0,8.6

10/11/1998,05:31:40,HBV,0.0,0.0,0.0,0.0,8.6

10/11/1998,05:46:40,HBV,0.0,0.0,0.0,0.0,8.6

10/11/1998,06:01:40,HBV,0.0,0.0,0.0,0.0,8.6

10/11/1998,06:16:40,HBV,0.0,0.0,0.0,0.0,8.6

10/11/1998,06:31:40,HBV,0.0,0.0,0.0,0.0,8.6

10/11/1998,06:46:40,HBV,0.0,0.0,0.0,0.0,8.6

10/11/1998,07:01:40,HBV,0.0,0.0,0.0,0.0,8.6

10/11/1998,07:16:40,HBV,0.0,0.0,0.0,0.0,8.6

10/11/1998,07:31:40,HBV,0.0,0.0,0.0,0.0,8.6

10/11/1998,07:46:40,HBV,0.0,0.0,0.0,0.0,8.6

10/11/1998,08:01:40,HBV,0.0,0.0,0.0,0.0,8.6

10/11/1998,08:16:40,HBV,0.0,0.0,0.0,0.0,8.6

10/11/1998,08:31:40,HBV,0.0,0.0,0.0,0.0,8.6

10/11/1998,08:46:40,HBV,0.0,0.0,0.0,0.0,8.6

10/11/1998,09:01:40,HBV,0.0,0.0,0.0,0.0,8.6

10/11/1998,09:16:40,HBV,0.0,0.0,0.0,0.0,8.6

10/11/1998,09:31:40,HBV,0.0,0.0,0.0,0.0,8.6

10/11/1998,09:46:40,HBV,0.0,0.0,0.0,0.0,8.6

10/11/1998,10:01:40,HBV,0.0,0.0,0.0,0.0,8.6

10/11/1998,10:16:40,HBV,0.0,0.0,0.0,0.0,8.6

10/11/1998,10:31:40,HBV,0.0,0.0,0.0,0.0,8.6

10/11/1998,10:46:40,HBV,0.0,0.0,0.0,0.0,8.6

10/11/1998,11:01:40,HBV,0.0,0.0,0.0,0.0,8.6

10/11/1998,11:16:40,HBV,0.0,0.0,0.0,0.0,8.6

10/11/1998,11:31:40,HBV,0.0,0.0,0.0,0.0,8.6

10/11/1998,11:46:40,HBV,0.0,0.0,0.0,0.0,8.6

10/11/1998,12:01:40,HBV,0.0,0.0,0.0,0.0,8.6

10/11/1998,12:16:40,HBV,0.0,0.0,0.0,0.0,8.6

10/11/1998,12:31:40,HBV,0.0,0.0,0.0,0.0,8.6

10/11/1998,12:46:40,HBV,0.0,0.0,0.0,0.0,8.6

10/11/1998,13:01:40,HBV,0.0,0.0,0.0,0.0,8.6

10/11/1998,13:16:40,HBV,0.0,0.0,0.0,0.0,8.6

10/11/1998,13:31:40,HBV,0.0,0.0,0.0,0.0,8.6

10/11/1998,13:46:40,HBV,0.0,0.0,0.0,0.0,8.6

10/11/1998,14:01:40,HBV,0.0,0.0,0.0,0.0,8.6

10/11/1998,14:16:40,HBV,0.0,0.0,0.0,0.0,8.6

10/11/1998,14:31:40,HBV,0.0,0.0,0.0,0.0,8.6

10/11/1998,14:46:40,HBV,1.0,1.0,1.0,1.0,9.6

10/11/1998,15:01:40,HBV,0.2,1.2,1.2,1.2,9.8

10/11/1998,15:16:40,HBV,0.2,1.4,1.4,1.4,10.0

10/11/1998,15:31:40,HBV,0.5,1.9,1.9,1.9,10.5

10/11/1998,15:46:40,HBV,0.2,1.1,2.1,2.1,10.7

10/11/1998,16:01:40,HBV,0.0,0.9,2.1,2.1,10.7

10/11/1998,16:16:40,HBV,0.0,0.7,2.1,2.1,10.7

10/11/1998,16:31:40,HBV,0.2,0.4,2.3,2.3,10.9

10/11/1998,16:46:40,HBV,0.2,0.4,2.5,2.5,11.1

10/11/1998,17:01:40,HBV,0.2,0.6,2.7,2.7,11.3

10/11/1998,17:16:40,HBV,0.2,0.8,2.9,2.9,11.5

10/11/1998,17:31:40,HBV,0.0,0.6,2.9,2.9,11.5

10/11/1998,17:46:40,HBV,0.5,0.9,3.4,3.4,12.0

10/11/1998,18:01:40,HBV,0.5,1.2,3.9,3.9,12.5

10/11/1998,18:16:40,HBV,0.2,1.2,4.1,4.1,12.7

10/11/1998,18:31:40,HBV,0.2,1.4,4.3,4.3,12.9

10/11/1998,18:46:40,HBV,0.2,1.1,3.5,4.5,13.1

10/11/1998,19:01:40,HBV,0.5,1.1,3.8,5.0,13.6

10/11/1998,19:16:40,HBV,0.5,1.4,4.1,5.5,14.1

10/11/1998,19:31:40,HBV,0.2,1.4,3.8,5.7,14.3

10/11/1998,19:46:40,HBV,0.2,1.4,3.8,5.9,14.5

10/11/1998,20:01:40,HBV,0.5,1.4,4.3,6.4,15.0

10/11/1998,20:16:40,HBV,0.5,1.4,4.8,6.9,15.5

10/11/1998,20:31:40,HBV,0.2,1.4,4.8,7.1,15.7

10/11/1998,20:46:40,HBV,0.0,1.2,4.6,7.1,15.7

10/11/1998,21:01:40,HBV,0.0,0.7,4.4,7.1,15.7

10/11/1998,21:16:40,HBV,0.0,0.2,4.2,7.1,15.7

10/11/1998,21:31:40,HBV,0.2,0.2,4.4,7.3,15.9

10/11/1998,21:46:40,HBV,0.0,0.2,3.9,7.3,15.9

10/11/1998,22:01:40,HBV,0.0,0.2,3.4,7.3,15.9

10/11/1998,22:16:40,HBV,0.2,0.4,3.4,7.5,16.1

10/11/1998,22:31:40,HBV,0.0,0.2,3.2,7.5,16.1

10/11/1998,22:46:40,HBV,0.0,0.2,3.0,7.5,16.1

10/11/1998,23:01:40,HBV,0.2,0.4,2.7,7.7,16.3

10/11/1998,23:16:40,HBV,0.5,0.7,2.7,8.2,16.8

10/11/1998,23:31:40,HBV,0.7,1.4,3.2,8.9,17.5

10/11/1998,23:46:40,HBV,1.0,2.4,4.0,9.9,18.5

11/11/1998,00:01:40,HBV,1.2,3.4,4.7,11.1,19.7

11/11/1998,00:16:40,HBV,0.7,3.6,4.9,11.8,20.4

11/11/1998,00:31:40,HBV,1.2,4.1,5.9,13.0,21.6

11/11/1998,00:46:40,HBV,0.2,3.3,6.1,13.2,21.8

11/11/1998,01:01:40,HBV,0.2,2.3,6.3,13.4,22.0

11/11/1998,01:16:40,HBV,0.7,2.3,7.0,14.1,22.7

11/11/1998,01:31:40,HBV,0.2,1.3,7.0,14.3,22.9

11/11/1998,01:46:40,HBV,0.5,1.6,7.5,14.8,23.4

11/11/1998,02:01:40,HBV,0.2,1.6,7.7,15.0,23.6

11/11/1998,02:16:40,HBV,0.2,1.1,7.7,15.2,23.8

11/11/1998,02:31:40,HBV,0.0,0.9,7.7,15.2,23.8

11/11/1998,02:46:40,HBV,0.0,0.4,7.7,15.2,23.8

11/11/1998,03:01:40,HBV,0.0,0.2,7.5,15.2,23.8

11/11/1998,03:16:40,HBV,0.0,0.0,7.0,15.2,23.8

11/11/1998,03:31:40,HBV,0.0,0.0,6.3,15.2,23.8

11/11/1998,03:46:40,HBV,0.2,0.2,5.5,15.4,24.0

11/11/1998,04:01:40,HBV,0.2,0.4,4.5,15.6,24.2

11/11/1998,04:16:40,HBV,0.2,0.6,4.0,15.8,24.4

11/11/1998,04:31:40,HBV,0.0,0.6,2.8,15.8,24.4

11/11/1998,04:46:40,HBV,0.0,0.4,2.6,15.8,24.4

11/11/1998,05:01:40,HBV,0.0,0.2,2.4,15.8,24.4

11/11/1998,05:16:40,HBV,0.0,0.0,1.7,15.8,24.4

11/11/1998,05:31:40,HBV,0.2,0.2,1.7,16.0,24.6

11/11/1998,05:46:40,HBV,0.0,0.2,1.2,16.0,24.6

11/11/1998,06:01:40,HBV,0.0,0.2,1.0,16.0,24.6

11/11/1998,06:16:40,HBV,0.5,0.7,1.3,16.5,25.1

11/11/1998,06:31:40,HBV,1.5,2.0,2.8,18.0,26.6

11/11/1998,06:46:40,HBV,1.7,3.7,4.5,19.7,28.3

11/11/1998,07:01:40,HBV,1.7,5.4,6.2,21.4,30.0

11/11/1998,07:16:40,HBV,3.2,8.1,9.4,24.6,33.2

11/11/1998,07:31:40,HBV,1.2,7.8,10.6,25.8,34.4

11/11/1998,07:46:40,HBV,0.7,6.8,11.1,26.5,35.1

11/11/1998,08:01:40,HBV,0.7,5.8,11.6,27.2,35.8

11/11/1998,08:16:40,HBV,2.7,5.3,14.1,29.9,38.5

11/11/1998,08:31:40,HBV,1.7,5.8,15.8,31.6,40.2

11/11/1998,08:46:40,HBV,1.0,6.1,16.8,32.6,41.2

11/11/1998,09:01:40,HBV,1.5,6.9,18.3,34.1,42.7

11/11/1998,09:16:40,HBV,1.0,5.2,19.3,35.1,43.7

11/11/1998,09:31:40,HBV,0.7,4.2,19.8,35.8,44.4

11/11/1998,09:46:40,HBV,0.5,3.7,20.3,36.3,44.9

11/11/1998,10:01:40,HBV,0.5,2.7,20.8,36.8,45.4

11/11/1998,10:16:40,HBV,1.2,2.9,21.5,38.0,46.6

11/11/1998,10:31:40,HBV,1.0,3.2,21.0,39.0,47.6

11/11/1998,10:46:40,HBV,1.2,3.9,20.5,40.2,48.8

11/11/1998,11:01:40,HBV,0.5,3.9,19.3,40.7,49.3

11/11/1998,11:16:40,HBV,1.0,3.7,17.1,41.7,50.3

11/11/1998,11:31:40,HBV,1.0,3.7,16.9,42.7,51.3

11/11/1998,11:46:40,HBV,1.0,3.5,17.2,43.7,52.3

11/11/1998,12:01:40,HBV,0.5,3.5,17.0,44.2,52.8

11/11/1998,12:16:40,HBV,0.2,2.7,14.5,44.4,53.0

11/11/1998,12:31:40,HBV,0.0,1.7,12.8,44.4,53.0

11/11/1998,12:46:40,HBV,0.0,0.7,11.8,44.4,53.0

11/11/1998,13:01:40,HBV,0.0,0.2,10.3,44.4,53.0

11/11/1998,13:16:40,HBV,0.0,0.0,9.3,44.4,53.0

11/11/1998,13:31:40,HBV,0.0,0.0,8.6,44.4,53.0

11/11/1998,13:46:40,HBV,0.5,0.5,8.6,44.9,53.5

11/11/1998,14:01:40,HBV,0.2,0.7,8.3,45.1,53.7

11/11/1998,14:16:40,HBV,0.0,0.7,7.1,45.1,53.7

11/11/1998,14:31:40,HBV,0.2,0.9,6.3,45.3,53.9

11/11/1998,14:46:40,HBV,0.0,0.4,5.1,44.3,53.9

11/11/1998,15:01:40,HBV,0.0,0.2,4.6,44.1,53.9

11/11/1998,15:16:40,HBV,0.0,0.2,3.6,43.9,53.9

11/11/1998,15:31:40,HBV,0.2,0.2,2.8,43.6,54.1

11/11/1998,15:46:40,HBV,0.2,0.4,2.0,43.6,54.3

11/11/1998,16:01:40,HBV,0.7,1.1,2.2,44.3,55.0

11/11/1998,16:16:40,HBV,0.2,1.3,2.2,44.5,55.2

11/11/1998,16:31:40,HBV,0.5,1.6,2.7,44.8,55.7

11/11/1998,16:46:40,HBV,0.2,1.6,2.9,44.8,55.9

11/11/1998,17:01:40,HBV,0.0,0.9,2.9,44.6,55.9

11/11/1998,17:16:40,HBV,0.0,0.7,2.9,44.4,55.9

11/11/1998,17:31:40,HBV,0.0,0.2,2.9,44.4,55.9

11/11/1998,17:46:40,HBV,0.0,0.0,2.4,43.9,55.9

11/11/1998,18:01:40,HBV,0.0,0.0,2.2,43.4,55.9

11/11/1998,18:16:40,HBV,0.0,0.0,2.2,43.2,55.9

11/11/1998,18:31:40,HBV,0.0,0.0,2.0,43.0,55.9

11/11/1998,18:46:40,HBV,0.0,0.0,2.0,42.8,55.9

11/11/1998,19:01:40,HBV,0.0,0.0,2.0,42.3,55.9

11/11/1998,19:16:40,HBV,0.0,0.0,2.0,41.8,55.9

11/11/1998,19:31:40,HBV,0.0,0.0,1.8,41.6,55.9

11/11/1998,19:46:40,HBV,0.0,0.0,1.6,41.4,55.9

11/11/1998,20:01:40,HBV,0.0,0.0,0.9,40.9,55.9

11/11/1998,20:16:40,HBV,0.0,0.0,0.7,40.4,55.9

11/11/1998,20:31:40,HBV,0.0,0.0,0.2,40.2,55.9

11/11/1998,20:46:40,HBV,0.0,0.0,0.0,40.2,55.9

11/11/1998,21:01:40,HBV,0.0,0.0,0.0,40.2,55.9

11/11/1998,21:16:40,HBV,0.0,0.0,0.0,40.2,55.9

11/11/1998,21:31:40,HBV,0.0,0.0,0.0,40.0,55.9

11/11/1998,21:46:40,HBV,0.0,0.0,0.0,40.0,55.9

11/11/1998,22:01:40,HBV,0.0,0.0,0.0,40.0,55.9

11/11/1998,22:16:40,HBV,0.0,0.0,0.0,39.8,55.9

11/11/1998,22:31:40,HBV,0.0,0.0,0.0,39.8,55.9

11/11/1998,22:46:40,HBV,0.0,0.0,0.0,39.8,55.9

11/11/1998,23:01:40,HBV,0.0,0.0,0.0,39.6,55.9

11/11/1998,23:16:40,HBV,0.0,0.0,0.0,39.1,55.9

11/11/1998,23:31:40,HBV,0.0,0.0,0.0,38.4,55.9

11/11/1998,23:46:40,HBV,0.0,0.0,0.0,37.4,55.9

12/11/1998,00:01:40,HBV,0.0,0.0,0.0,36.2,55.9

12/11/1998,00:16:40,HBV,0.0,0.0,0.0,35.5,55.9

12/11/1998,00:31:40,HBV,0.0,0.0,0.0,34.3,55.9

12/11/1998,00:46:40,HBV,0.0,0.0,0.0,34.1,55.9

12/11/1998,01:01:40,HBV,0.0,0.0,0.0,33.9,55.9

12/11/1998,01:16:40,HBV,0.0,0.0,0.0,33.2,55.9

12/11/1998,01:31:40,HBV,0.0,0.0,0.0,33.0,55.9

12/11/1998,01:46:40,HBV,0.0,0.0,0.0,32.5,55.9

12/11/1998,02:01:40,HBV,0.0,0.0,0.0,32.3,55.9

12/11/1998,02:16:40,HBV,0.0,0.0,0.0,32.1,55.9

12/11/1998,02:31:40,HBV,0.0,0.0,0.0,32.1,55.9

12/11/1998,02:46:40,HBV,0.0,0.0,0.0,32.1,55.9

12/11/1998,03:01:40,HBV,0.0,0.0,0.0,32.1,55.9

12/11/1998,03:16:40,HBV,0.0,0.0,0.0,32.1,55.9

12/11/1998,03:31:40,HBV,0.0,0.0,0.0,32.1,55.9

12/11/1998,03:46:40,HBV,0.0,0.0,0.0,31.9,55.9

12/11/1998,04:01:40,HBV,0.0,0.0,0.0,31.7,55.9

12/11/1998,04:16:40,HBV,0.0,0.0,0.0,31.5,55.9

12/11/1998,04:31:40,HBV,0.0,0.0,0.0,31.5,55.9

12/11/1998,04:46:40,HBV,0.0,0.0,0.0,31.5,55.9

12/11/1998,05:01:40,HBV,0.0,0.0,0.0,31.5,55.9

12/11/1998,05:16:40,nan,nan,nan,nan,nan,nan

12/11/1998,05:31:40,HBV,nan,0.0,0.0,31.3,55.9

12/11/1998,05:46:40,HBV,0.0,0.0,0.0,31.3,55.9

12/11/1998,06:01:40,HBV,0.0,0.0,0.0,31.3,55.9

12/11/1998,06:16:40,HBV,0.0,nan,0.0,30.8,55.9

12/11/1998,06:31:40,HBV,0.0,0.0,0.0,29.3,55.9

12/11/1998,06:46:40,HBV,0.0,0.0,0.0,27.6,55.9

12/11/1998,07:01:40,HBV,0.0,0.0,0.0,25.9,55.9

12/11/1998,07:16:40,HBV,0.0,0.0,0.0,22.7,55.9

12/11/1998,07:31:40,HBV,0.0,0.0,0.0,21.5,55.9

12/11/1998,07:46:40,HBV,0.0,0.0,0.0,20.8,55.9

12/11/1998,08:01:40,HBV,0.2,0.2,0.2,20.3,56.1

12/11/1998,08:16:40,HBV,0.0,0.2,0.2,17.6,56.1

12/11/1998,08:31:40,HBV,0.2,0.4,0.4,16.1,56.3

12/11/1998,08:46:40,HBV,0.0,0.4,0.4,15.1,56.3

12/11/1998,09:01:40,HBV,0.0,0.2,0.4,13.6,56.3

12/11/1998,09:16:40,HBV,0.0,0.2,nan,12.6,56.3

12/11/1998,09:31:40,HBV,0.0,0.0,0.4,11.9,56.3

12/11/1998,09:46:40,HBV,0.0,0.0,0.4,11.4,56.3

12/11/1998,10:01:40,HBV,0.0,0.0,0.4,10.9,56.3

12/11/1998,10:16:40,HBV,0.0,0.0,0.4,9.7,56.3

12/11/1998,10:31:40,HBV,0.0,0.0,0.4,8.7,56.3

12/11/1998,10:46:40,HBV,0.0,0.0,0.4,7.5,56.3

12/11/1998,11:01:40,HBV,0.0,0.0,0.4,7.0,56.3

12/11/1998,11:16:40,HBV,0.0,0.0,0.4,6.0,56.3

12/11/1998,11:31:40,HBV,0.0,0.0,0.4,5.0,56.3

12/11/1998,11:46:40,HBV,0.0,0.0,0.4,4.0,56.3

12/11/1998,12:01:40,HBV,0.0,0.0,0.2,3.5,56.3

12/11/1998,12:16:40,HBV,0.0,0.0,0.2,3.3,56.3

12/11/1998,12:31:40,HBV,0.0,0.0,0.0,3.3,56.3

12/11/1998,12:46:40,HBV,0.0,0.0,0.0,3.3,56.3

12/11/1998,13:01:40,HBV,0.0,0.0,0.0,3.3,56.3

12/11/1998,13:16:40,HBV,0.0,0.0,0.0,3.3,56.3

12/11/1998,13:31:40,HBV,0.0,0.0,0.0,3.3,56.3

12/11/1998,13:46:40,HBV,0.0,0.0,0.0,2.8,56.3

12/11/1998,14:01:40,HBV,0.0,0.0,0.0,2.6,56.3

12/11/1998,14:16:40,HBV,0.0,0.0,0.0,2.6,56.3

12/11/1998,14:31:40,HBV,0.2,0.2,0.2,2.6,56.5

12/11/1998,14:46:40,HBV,0.0,0.2,0.2,2.6,56.5

12/11/1998,15:01:40,HBV,0.0,0.2,0.2,2.6,56.5

12/11/1998,15:16:40,HBV,0.0,0.2,0.2,2.6,56.5

12/11/1998,15:31:40,HBV,0.0,0.0,0.2,2.4,56.5

12/11/1998,15:46:40,HBV,0.0,0.0,0.2,2.2,56.5

12/11/1998,16:01:40,HBV,0.0,0.0,0.2,1.5,56.5

12/11/1998,16:16:40,HBV,0.2,0.2,0.4,1.5,56.7

12/11/1998,16:31:40,HBV,0.2,0.4,0.6,1.2,56.9

12/11/1998,16:46:40,HBV,0.0,0.4,0.6,1.0,56.9

12/11/1998,17:01:40,HBV,0.0,0.4,0.6,1.0,56.9

12/11/1998,17:16:40,HBV,0.0,0.2,0.6,1.0,56.9

12/11/1998,17:31:40,HBV,0.0,0.0,0.6,1.0,56.9

12/11/1998,17:46:40,HBV,0.0,0.0,0.6,1.0,56.9

12/11/1998,18:01:40,HBV,0.0,0.0,0.6,1.0,56.9

12/11/1998,18:16:40,HBV,0.0,0.0,0.6,1.0,56.9

12/11/1998,18:31:40,HBV,0.0,0.0,0.4,1.0,56.9

12/11/1998,18:46:40,HBV,0.0,0.0,0.4,1.0,56.9

12/11/1998,19:01:40,HBV,0.0,0.0,0.4,1.0,56.9

12/11/1998,19:16:40,HBV,0.0,0.0,0.4,1.0,56.9

12/11/1998,19:31:40,HBV,0.0,0.0,0.4,1.0,56.9

12/11/1998,19:46:40,HBV,0.0,0.0,0.4,1.0,56.9

12/11/1998,20:01:40,HBV,0.0,0.0,0.4,1.0,56.9

12/11/1998,20:16:40,HBV,0.0,0.0,0.2,1.0,55.9

12/11/1998,20:31:40,HBV,0.0,0.0,0.0,1.0,54.4

12/11/1998,20:46:40,HBV,0.0,0.0,0.0,1.0,54.2

12/11/1998,21:01:40,HBV,0.0,0.0,0.0,1.0,53.2

12/11/1998,21:16:40,HBV,0.0,0.0,0.0,1.0,52.7

12/11/1998,21:31:40,HBV,0.0,0.0,0.0,1.0,52.2

12/11/1998,21:46:40,HBV,0.0,0.0,0.0,1.0,51.7

12/11/1998,22:01:40,HBV,0.0,0.0,0.0,1.0,51.7

12/11/1998,22:16:40,HBV,0.0,0.0,0.0,1.0,50.7

12/11/1998,22:31:40,HBV,0.0,0.0,0.0,1.0,49.7

12/11/1998,22:46:40,HBV,0.0,0.0,0.0,1.0,49.2

12/11/1998,23:01:40,HBV,0.0,0.0,0.0,1.0,49.2

12/11/1998,23:16:40,HBV,0.0,0.0,0.0,1.0,49.2

12/11/1998,23:31:40,HBV,0.0,0.0,0.0,1.0,49.2

12/11/1998,23:46:40,HBV,0.0,0.0,0.0,1.0,49.2

13/11/1998,00:01:40,HBV,0.0,0.0,0.0,1.0,49.2

13/11/1998,00:16:40,HBV,0.0,0.0,0.0,1.0,49.2

13/11/1998,00:31:40,HBV,0.0,0.0,0.0,1.0,49.2

13/11/1998,00:46:40,HBV,0.0,0.0,0.0,1.0,49.2

13/11/1998,01:01:40,HBV,0.0,0.0,0.0,1.0,49.2

13/11/1998,01:16:40,HBV,0.0,0.0,0.0,1.0,49.2

13/11/1998,01:31:40,HBV,0.0,0.0,0.0,1.0,49.0

13/11/1998,01:46:40,HBV,0.0,0.0,0.0,1.0,48.5

13/11/1998,02:01:40,HBV,0.0,0.0,0.0,1.0,48.3

13/11/1998,02:16:40,HBV,0.0,0.0,0.0,1.0,48.3

13/11/1998,02:31:40,HBV,0.0,0.0,0.0,1.0,48.3

13/11/1998,02:46:40,HBV,0.0,0.0,0.0,1.0,48.3

13/11/1998,03:01:40,HBV,0.0,0.0,0.0,1.0,48.3

13/11/1998,03:16:40,HBV,0.0,0.0,0.0,1.0,48.3

13/11/1998,03:31:40,HBV,0.0,0.0,0.0,1.0,48.3

13/11/1998,03:46:40,HBV,0.0,0.0,0.0,1.0,48.3

13/11/1998,04:01:40,HBV,0.0,0.0,0.0,1.0,48.3

13/11/1998,04:16:40,HBV,0.0,0.0,0.0,1.0,48.3

13/11/1998,04:31:40,HBV,0.0,0.0,0.0,1.0,48.3

13/11/1998,04:46:40,HBV,0.0,0.0,0.0,1.0,48.3

13/11/1998,05:01:40,HBV,0.0,0.0,0.0,1.0,48.3

13/11/1998,05:16:40,HBV,0.0,0.0,0.0,nan,48.3

13/11/1998,05:31:40,HBV,0.0,0.0,0.0,1.0,48.3

13/11/1998,05:46:40,HBV,0.0,0.0,0.0,1.0,48.3

13/11/1998,06:01:40,HBV,0.0,0.0,0.0,1.0,48.3

13/11/1998,06:16:40,HBV,0.0,0.0,0.0,1.0,48.3

13/11/1998,06:31:40,HBV,0.0,0.0,0.0,1.0,48.3

13/11/1998,06:46:40,HBV,0.0,0.0,0.0,1.0,48.3

13/11/1998,07:01:40,HBV,0.0,0.0,0.0,1.0,48.3

13/11/1998,07:16:40,HBV,0.0,0.0,0.0,1.0,48.3

13/11/1998,07:31:40,HBV,0.0,0.0,0.0,1.0,48.3

13/11/1998,07:46:40,HBV,0.0,0.0,0.0,1.0,48.3

13/11/1998,08:01:40,HBV,0.0,0.0,0.0,0.8,48.3

13/11/1998,08:16:40,HBV,0.0,0.0,0.0,0.8,48.3

13/11/1998,08:31:40,HBV,0.0,0.0,0.0,0.6,48.3

13/11/1998,08:46:40,HBV,0.0,0.0,0.0,0.6,48.3

13/11/1998,09:01:40,HBV,0.0,0.0,0.0,0.6,48.3

13/11/1998,09:16:40,HBV,0.0,0.0,0.0,0.6,48.3

13/11/1998,09:31:40,HBV,0.0,0.0,0.0,0.6,48.3

13/11/1998,09:46:40,HBV,0.0,0.0,0.0,0.6,48.3

13/11/1998,10:01:40,HBV,0.0,0.0,0.0,0.6,48.3

13/11/1998,10:16:40,HBV,0.0,0.0,0.0,0.6,48.3

13/11/1998,10:31:40,HBV,0.0,0.0,0.0,0.6,48.3

13/11/1998,10:46:40,HBV,0.0,0.0,0.0,0.6,48.3

13/11/1998,11:01:40,HBV,0.0,0.0,0.0,0.6,48.3

13/11/1998,11:16:40,HBV,0.0,0.0,0.0,0.6,48.3

13/11/1998,11:31:40,HBV,0.0,0.0,0.0,0.6,48.3

13/11/1998,11:46:40,HBV,0.0,0.0,0.0,0.6,48.3

13/11/1998,12:01:40,HBV,0.0,0.0,0.0,0.6,48.3

13/11/1998,12:16:40,HBV,0.0,0.0,0.0,0.6,48.3

13/11/1998,12:31:40,HBV,0.0,0.0,0.0,0.6,48.3

13/11/1998,12:46:40,HBV,0.0,0.0,0.0,0.6,48.3

13/11/1998,13:01:40,HBV,0.0,0.0,0.0,0.6,48.3

13/11/1998,13:16:40,HBV,0.0,0.0,0.0,0.6,48.3

13/11/1998,13:31:40,HBV,0.0,0.0,0.0,0.6,48.3

13/11/1998,13:46:40,HBV,0.0,0.0,0.0,0.6,48.3

13/11/1998,14:01:40,HBV,0.0,0.0,0.0,0.6,48.3

13/11/1998,14:16:40,HBV,0.0,0.0,0.0,0.6,48.3

13/11/1998,14:31:40,HBV,0.0,0.0,0.0,0.4,48.3

13/11/1998,14:46:40,HBV,0.0,0.0,0.0,0.4,48.3

13/11/1998,15:01:40,HBV,0.0,0.0,0.0,0.4,48.3

13/11/1998,15:16:40,HBV,0.0,0.0,0.0,0.4,48.3

13/11/1998,15:31:40,HBV,0.0,0.0,0.0,0.4,48.3

13/11/1998,15:46:40,HBV,0.0,0.0,0.0,0.4,48.3

13/11/1998,16:01:40,HBV,0.0,0.0,0.0,0.4,48.3

13/11/1998,16:16:40,HBV,0.0,0.0,0.0,0.2,48.3

13/11/1998,16:31:40,HBV,0.0,0.0,0.0,0.0,48.3

13/11/1998,16:46:40,HBV,0.0,0.0,0.0,0.0,48.3

13/11/1998,17:01:40,HBV,0.0,0.0,0.0,0.0,48.3

13/11/1998,17:16:40,HBV,0.0,0.0,0.0,0.0,48.3

13/11/1998,17:31:40,HBV,0.0,0.0,0.0,0.0,48.3

13/11/1998,17:46:40,HBV,0.0,0.0,0.0,0.0,48.3

13/11/1998,18:01:40,HBV,0.0,0.0,0.0,0.0,48.3

13/11/1998,18:16:40,HBV,0.0,0.0,0.0,0.0,48.3

13/11/1998,18:31:40,HBV,0.0,0.0,0.0,0.0,48.3

13/11/1998,18:46:40,HBV,0.0,0.0,0.0,0.0,48.3

13/11/1998,19:01:40,HBV,0.0,0.0,0.0,0.0,48.3

13/11/1998,19:16:40,HBV,0.0,0.0,0.0,0.0,48.3

13/11/1998,19:31:40,HBV,0.0,0.0,0.0,0.0,48.3

13/11/1998,19:46:40,HBV,0.0,0.0,0.0,0.0,48.3

13/11/1998,20:01:40,HBV,0.0,0.0,0.0,0.0,48.3

13/11/1998,20:16:40,HBV,0.0,0.0,0.0,0.0,48.3

13/11/1998,20:31:40,HBV,0.0,0.0,0.0,0.0,48.3

13/11/1998,20:46:40,HBV,0.0,0.0,0.0,0.0,48.3

13/11/1998,21:01:40,HBV,0.0,0.0,0.0,0.0,48.3

13/11/1998,21:16:40,HBV,0.0,0.0,0.0,0.0,48.3

13/11/1998,21:31:40,HBV,0.0,0.0,0.0,0.0,48.3

13/11/1998,21:46:40,HBV,0.0,0.0,0.0,0.0,48.3

13/11/1998,22:01:40,HBV,0.0,0.0,0.0,0.0,48.3

13/11/1998,22:16:40,HBV,0.0,0.0,0.0,0.0,48.3

13/11/1998,22:31:40,HBV,0.0,0.0,0.0,0.0,48.3

13/11/1998,22:46:40,HBV,0.0,0.0,0.0,0.0,48.3

13/11/1998,23:01:40,HBV,0.0,0.0,0.0,0.0,48.3

13/11/1998,23:16:40,HBV,0.0,0.0,0.0,0.0,48.3

13/11/1998,23:31:40,HBV,0.0,0.0,0.0,0.0,48.3

13/11/1998,23:46:40,HBV,0.0,0.0,0.0,0.0,48.3

14/11/1998,00:01:40,HBV,0.0,0.0,0.0,0.0,48.3

14/11/1998,00:16:40,HBV,0.0,0.0,0.0,0.0,48.3

14/11/1998,00:31:40,HBV,0.0,0.0,0.0,0.0,48.3

14/11/1998,00:46:40,HBV,0.0,0.0,0.0,0.0,48.3

14/11/1998,01:01:40,HBV,0.0,0.0,0.0,0.0,48.3

14/11/1998,01:16:40,HBV,0.0,0.0,0.0,0.0,48.3

14/11/1998,01:31:40,HBV,0.0,0.0,0.0,0.0,48.3

14/11/1998,01:46:40,HBV,0.0,0.0,0.0,0.0,48.3

14/11/1998,02:01:40,HBV,0.0,0.0,0.0,0.0,48.3

14/11/1998,02:16:40,HBV,0.0,0.0,0.0,0.0,48.3

14/11/1998,02:31:40,HBV,0.0,0.0,0.0,0.0,48.3

14/11/1998,02:46:40,HBV,0.5,0.5,0.5,0.5,48.8

14/11/1998,03:01:40,HBV,0.2,0.7,0.7,0.7,49.0

14/11/1998,03:16:40,HBV,0.0,0.7,0.7,0.7,49.0

14/11/1998,03:31:40,HBV,0.0,0.7,0.7,0.7,49.0

14/11/1998,03:46:40,HBV,0.2,0.4,0.9,0.9,49.2

14/11/1998,04:01:40,HBV,0.0,0.2,0.9,0.9,49.2

14/11/1998,04:16:40,HBV,0.0,0.2,0.9,0.9,49.2

14/11/1998,04:31:40,HBV,0.0,0.2,0.9,0.9,49.2

14/11/1998,04:46:40,HBV,0.0,0.0,0.9,0.9,49.2

14/11/1998,05:01:40,HBV,0.0,0.0,0.9,0.9,49.2

14/11/1998,05:16:40,HBV,0.0,0.0,0.9,0.9,49.2

14/11/1998,05:31:40,HBV,0.0,0.0,0.9,0.9,49.2

14/11/1998,05:46:40,HBV,0.0,0.0,0.9,0.9,49.2

14/11/1998,06:01:40,HBV,0.0,0.0,0.9,0.9,49.2

14/11/1998,06:16:40,HBV,0.0,0.0,0.9,0.9,49.2

14/11/1998,06:31:40,HBV,0.0,0.0,0.9,0.9,49.2

14/11/1998,06:46:40,HBV,0.0,0.0,0.4,0.9,49.2

14/11/1998,07:01:40,HBV,0.0,0.0,0.2,0.9,49.2

14/11/1998,07:16:40,HBV,0.0,0.0,0.2,0.9,49.2

14/11/1998,07:31:40,HBV,0.0,0.0,0.2,0.9,49.2

14/11/1998,07:46:40,HBV,0.0,0.0,0.0,0.9,49.2

14/11/1998,08:01:40,HBV,0.0,0.0,0.0,0.9,49.2

14/11/1998,08:16:40,HBV,0.0,0.0,0.0,0.9,49.2

14/11/1998,08:31:40,HBV,0.0,0.0,0.0,0.9,49.2

14/11/1998,08:46:40,HBV,0.0,0.0,0.0,0.9,49.2

14/11/1998,09:01:40,HBV,0.0,0.0,0.0,0.9,49.2

14/11/1998,09:16:40,HBV,0.0,0.0,0.0,0.9,49.2

14/11/1998,09:31:40,HBV,0.0,0.0,0.0,0.9,49.2

14/11/1998,09:46:40,HBV,0.0,0.0,0.0,0.9,49.2

14/11/1998,10:01:40,HBV,0.0,0.0,0.0,0.9,49.2

14/11/1998,10:16:40,nan,nan,nan,nan,nan,nan

14/11/1998,10:31:40,HBV,nan,0.0,0.0,0.9,49.2

14/11/1998,10:46:40,HBV,0.0,0.0,0.0,0.9,49.2

14/11/1998,11:01:40,HBV,0.0,0.0,0.0,0.9,49.2

14/11/1998,11:16:40,HBV,0.0,nan,0.0,0.9,49.2

14/11/1998,11:31:40,HBV,0.0,0.0,0.0,0.9,49.2

14/11/1998,11:46:40,HBV,0.0,0.0,0.0,0.9,49.2

14/11/1998,12:01:40,HBV,0.0,0.0,0.0,0.9,49.2

14/11/1998,12:16:40,HBV,0.0,0.0,0.0,0.9,49.2

14/11/1998,12:31:40,HBV,0.0,0.0,0.0,0.9,49.2

14/11/1998,12:46:40,HBV,0.0,0.0,0.0,0.9,49.2

14/11/1998,13:01:40,HBV,0.0,0.0,0.0,0.9,49.2

14/11/1998,13:16:40,HBV,0.0,0.0,0.0,0.9,49.2

14/11/1998,13:31:40,HBV,0.0,0.0,0.0,0.9,49.2

14/11/1998,13:46:40,HBV,1.0,1.0,1.0,1.9,50.2

14/11/1998,14:01:40,HBV,0.0,1.0,1.0,1.9,50.2

14/11/1998,14:16:40,HBV,0.5,1.5,nan,2.4,50.7

14/11/1998,14:31:40,HBV,1.2,2.7,2.7,3.6,51.9

14/11/1998,14:46:40,HBV,4.2,5.9,6.9,7.8,55.1

14/11/1998,15:01:40,HBV,2.2,8.1,9.1,10.0,57.1

14/11/1998,15:16:40,HBV,1.5,9.1,10.6,11.5,58.4

14/11/1998,15:31:40,HBV,0.2,8.1,10.8,11.7,58.1

14/11/1998,15:46:40,HBV,0.7,4.6,11.5,12.4,58.6

14/11/1998,16:01:40,HBV,0.2,2.6,11.7,12.6,58.8

14/11/1998,16:16:40,HBV,1.0,2.1,12.7,13.6,59.8

14/11/1998,16:31:40,HBV,0.5,2.4,13.2,14.1,60.1

14/11/1998,16:46:40,HBV,0.2,1.9,13.4,14.3,60.1

14/11/1998,17:01:40,HBV,0.0,1.7,13.4,14.3,59.9

14/11/1998,17:16:40,HBV,0.2,0.9,13.6,14.5,59.9

14/11/1998,17:31:40,HBV,0.0,0.4,13.6,14.5,59.9

14/11/1998,17:46:40,HBV,0.0,0.2,12.6,14.5,59.4

14/11/1998,18:01:40,HBV,0.0,0.2,12.6,14.5,58.9

14/11/1998,18:16:40,HBV,0.0,0.0,12.1,14.5,58.7

14/11/1998,18:31:40,HBV,0.0,0.0,10.9,14.5,58.5

14/11/1998,18:46:40,HBV,0.0,0.0,6.7,14.5,58.3

14/11/1998,19:01:40,HBV,0.0,0.0,4.5,14.5,57.8

14/11/1998,19:16:40,HBV,0.0,0.0,3.0,14.5,57.3

14/11/1998,19:31:40,HBV,0.0,0.0,2.8,14.5,57.1

14/11/1998,19:46:40,HBV,0.0,0.0,2.1,14.5,56.9

14/11/1998,20:01:40,HBV,0.0,0.0,1.9,14.5,56.4

14/11/1998,20:16:40,HBV,0.0,0.0,0.9,14.5,55.9

14/11/1998,20:31:40,HBV,0.0,0.0,0.4,14.5,55.7

14/11/1998,20:46:40,HBV,0.0,0.0,0.2,14.5,55.7

14/11/1998,21:01:40,HBV,0.0,0.0,0.2,14.5,55.7

14/11/1998,21:16:40,HBV,0.0,0.0,0.0,14.5,55.7

14/11/1998,21:31:40,HBV,0.0,0.0,0.0,14.5,55.5

14/11/1998,21:46:40,HBV,0.0,0.0,0.0,14.5,55.5

14/11/1998,22:01:40,HBV,0.0,0.0,0.0,14.5,55.5

14/11/1998,22:16:40,HBV,0.0,0.0,0.0,14.5,55.3

14/11/1998,22:31:40,HBV,0.0,0.0,0.0,14.5,55.3

14/11/1998,22:46:40,HBV,0.0,0.0,0.0,14.5,55.3

14/11/1998,23:01:40,HBV,0.0,0.0,0.0,14.5,55.1

14/11/1998,23:16:40,HBV,0.0,0.0,0.0,14.5,54.6

14/11/1998,23:31:40,HBV,0.0,0.0,0.0,14.5,53.9

14/11/1998,23:46:40,HBV,0.0,0.0,0.0,14.5,52.9

15/11/1998,00:01:40,HBV,0.0,0.0,0.0,14.5,51.7

15/11/1998,00:16:40,HBV,0.0,0.0,0.0,14.5,51.0

15/11/1998,00:31:40,HBV,0.0,0.0,0.0,14.5,49.8

15/11/1998,00:46:40,HBV,0.0,0.0,0.0,14.5,49.6

15/11/1998,01:01:40,HBV,0.0,0.0,0.0,14.5,49.4

15/11/1998,01:16:40,HBV,0.0,0.0,0.0,14.5,48.7

15/11/1998,01:31:40,HBV,0.0,0.0,0.0,14.5,48.5

15/11/1998,01:46:40,HBV,0.0,0.0,0.0,14.5,48.0

15/11/1998,02:01:40,HBV,0.0,0.0,0.0,14.5,47.8

15/11/1998,02:16:40,HBV,0.0,0.0,0.0,14.5,47.6

15/11/1998,02:31:40,HBV,0.0,0.0,0.0,14.5,47.6

15/11/1998,02:46:40,HBV,0.0,0.0,0.0,14.0,47.6

15/11/1998,03:01:40,HBV,0.0,0.0,0.0,13.8,47.6

15/11/1998,03:16:40,HBV,0.0,0.0,0.0,13.8,47.6

15/11/1998,03:31:40,HBV,0.0,0.0,0.0,13.8,47.6

15/11/1998,03:46:40,HBV,0.0,0.0,0.0,13.6,47.4

15/11/1998,04:01:40,HBV,0.0,0.0,0.0,13.6,47.2

15/11/1998,04:16:40,HBV,0.0,0.0,0.0,13.6,47.0

15/11/1998,04:31:40,HBV,0.0,0.0,0.0,13.6,47.0

15/11/1998,04:46:40,HBV,0.0,0.0,0.0,13.6,47.0

15/11/1998,05:01:40,HBV,0.0,0.0,0.0,13.6,47.0

15/11/1998,05:16:40,HBV,0.0,0.0,0.0,13.6,47.0

15/11/1998,05:31:40,HBV,0.0,0.0,0.0,13.6,46.8

15/11/1998,05:46:40,HBV,0.0,0.0,0.0,13.6,46.8

15/11/1998,06:01:40,HBV,0.0,0.0,0.0,13.6,46.8

15/11/1998,06:16:40,HBV,0.0,0.0,0.0,13.6,46.3

15/11/1998,06:31:40,HBV,0.2,0.2,0.2,13.8,45.0

15/11/1998,06:46:40,HBV,0.0,0.2,0.2,13.8,43.3

15/11/1998,07:01:40,HBV,0.0,0.2,0.2,13.8,41.6

15/11/1998,07:16:40,HBV,0.0,0.2,0.2,13.8,38.4

15/11/1998,07:31:40,HBV,0.0,0.0,0.2,13.8,37.2

15/11/1998,07:46:40,HBV,0.0,0.0,0.2,13.8,36.5

15/11/1998,08:01:40,HBV,0.0,0.0,0.2,13.8,35.8

15/11/1998,08:16:40,HBV,0.0,0.0,0.2,13.8,33.1

15/11/1998,08:31:40,HBV,0.0,0.0,0.2,13.8,31.4

15/11/1998,08:46:40,HBV,0.0,0.0,0.2,13.8,30.4

15/11/1998,09:01:40,HBV,0.0,0.0,0.2,13.8,28.9

15/11/1998,09:16:40,HBV,0.0,0.0,0.2,13.8,27.9

15/11/1998,09:31:40,HBV,0.0,0.0,0.2,13.8,27.2

15/11/1998,09:46:40,HBV,0.0,0.0,0.2,13.8,26.7

15/11/1998,10:01:40,HBV,0.0,0.0,0.2,13.8,26.2

15/11/1998,10:16:40,HBV,0.0,0.0,0.2,nan,25.0

15/11/1998,10:31:40,HBV,0.0,0.0,0.0,13.8,24.0

15/11/1998,10:46:40,HBV,0.0,0.0,0.0,13.8,22.8

15/11/1998,11:01:40,HBV,0.0,0.0,0.0,13.8,22.3

15/11/1998,11:16:40,HBV,0.0,0.0,0.0,13.8,21.3

15/11/1998,11:31:40,HBV,0.0,0.0,0.0,13.8,20.3

15/11/1998,11:46:40,HBV,0.0,0.0,0.0,13.8,19.3

15/11/1998,12:01:40,HBV,0.0,0.0,0.0,13.8,18.8

15/11/1998,12:16:40,HBV,0.0,0.0,0.0,13.8,18.6

15/11/1998,12:31:40,HBV,0.0,0.0,0.0,13.8,18.6

15/11/1998,12:46:40,HBV,0.0,0.0,0.0,13.8,18.6

15/11/1998,13:01:40,HBV,0.0,0.0,0.0,13.8,18.6

15/11/1998,13:16:40,HBV,0.0,0.0,0.0,13.8,18.6

15/11/1998,13:31:40,HBV,0.0,0.0,0.0,13.8,18.6

15/11/1998,13:46:40,HBV,0.0,0.0,0.0,12.8,18.1

15/11/1998,14:01:40,HBV,0.0,0.0,0.0,12.8,17.9

15/11/1998,14:16:40,HBV,0.0,0.0,0.0,12.3,17.9

15/11/1998,14:31:40,HBV,0.0,0.0,0.0,11.1,17.7

15/11/1998,14:46:40,HBV,0.0,0.0,0.0,6.9,17.7

15/11/1998,15:01:40,HBV,0.0,0.0,0.0,4.7,17.7

15/11/1998,15:16:40,HBV,0.0,0.0,0.0,3.2,17.7

15/11/1998,15:31:40,HBV,0.0,0.0,0.0,3.0,17.5

15/11/1998,15:46:40,HBV,0.0,0.0,0.0,2.3,17.3

15/11/1998,16:01:40,HBV,0.0,0.0,0.0,2.1,16.6

15/11/1998,16:16:40,HBV,0.0,0.0,0.0,1.1,16.4

15/11/1998,16:31:40,HBV,0.0,0.0,0.0,0.6,15.9

15/11/1998,16:46:40,HBV,0.0,0.0,0.0,0.4,15.7

15/11/1998,17:01:40,HBV,0.0,0.0,0.0,0.4,15.7

15/11/1998,17:16:40,HBV,0.0,0.0,0.0,0.2,15.7

15/11/1998,17:31:40,HBV,0.0,0.0,0.0,0.2,15.7

15/11/1998,17:46:40,HBV,0.0,0.0,0.0,0.2,15.7

15/11/1998,18:01:40,HBV,0.0,0.0,0.0,0.2,15.7

15/11/1998,18:16:40,HBV,0.0,0.0,0.0,0.2,15.7

15/11/1998,18:31:40,HBV,0.0,0.0,0.0,0.2,15.7

15/11/1998,18:46:40,HBV,0.0,0.0,0.0,0.2,15.7

15/11/1998,19:01:40,HBV,0.0,0.0,0.0,0.2,15.7

15/11/1998,19:16:40,HBV,0.0,0.0,0.0,0.2,15.7

15/11/1998,19:31:40,HBV,0.0,0.0,0.0,0.2,15.7

15/11/1998,19:46:40,HBV,0.0,0.0,0.0,0.2,15.7

15/11/1998,20:01:40,HBV,0.0,0.0,0.0,0.2,15.7

15/11/1998,20:16:40,HBV,0.0,0.0,0.0,0.2,15.7

15/11/1998,20:31:40,HBV,0.0,0.0,0.0,0.2,15.7

15/11/1998,20:46:40,HBV,0.0,0.0,0.0,0.2,15.7

15/11/1998,21:01:40,HBV,0.0,0.0,0.0,0.2,15.7

15/11/1998,21:16:40,HBV,0.0,0.0,0.0,0.2,15.7

15/11/1998,21:31:40,HBV,0.0,0.0,0.0,0.2,15.7

15/11/1998,21:46:40,HBV,0.0,0.0,0.0,0.2,15.7

15/11/1998,22:01:40,HBV,0.0,0.0,0.0,0.2,15.7

15/11/1998,22:16:40,HBV,0.0,0.0,0.0,0.2,15.7

15/11/1998,22:31:40,HBV,0.0,0.0,0.0,0.2,15.7

15/11/1998,22:46:40,HBV,0.0,0.0,0.0,0.2,15.7

15/11/1998,23:01:40,HBV,0.0,0.0,0.0,0.2,15.7

15/11/1998,23:16:40,HBV,0.0,0.0,0.0,0.2,15.7

15/11/1998,23:31:40,HBV,0.0,0.0,0.0,0.2,15.7

15/11/1998,23:46:40,HBV,0.0,0.0,0.0,0.2,15.7

16/11/1998,00:01:40,HBV,0.0,0.0,0.0,0.2,15.7

16/11/1998,00:16:40,HBV,0.0,0.0,0.0,0.2,15.7

16/11/1998,00:31:40,HBV,0.0,0.0,0.0,0.2,15.7

16/11/1998,00:46:40,HBV,0.0,0.0,0.0,0.2,15.7

16/11/1998,01:01:40,HBV,0.0,0.0,0.0,0.2,15.7

16/11/1998,01:16:40,HBV,0.0,0.0,0.0,0.2,15.7

16/11/1998,01:31:40,HBV,0.0,0.0,0.0,0.2,15.7

16/11/1998,01:46:40,HBV,0.0,0.0,0.0,0.2,15.7

16/11/1998,02:01:40,HBV,0.0,0.0,0.0,0.2,15.7

16/11/1998,02:16:40,HBV,0.0,0.0,0.0,0.2,15.7

16/11/1998,02:31:40,HBV,0.0,0.0,0.0,0.2,15.7

16/11/1998,02:46:40,HBV,0.0,0.0,0.0,0.2,15.7

16/11/1998,03:01:40,HBV,0.0,0.0,0.0,0.2,15.7

16/11/1998,03:16:40,HBV,0.0,0.0,0.0,0.2,15.7

16/11/1998,03:31:40,HBV,0.0,0.0,0.0,0.2,15.7

16/11/1998,03:46:40,HBV,0.0,0.0,0.0,0.2,15.7

16/11/1998,04:01:40,HBV,0.0,0.0,0.0,0.2,15.7

16/11/1998,04:16:40,HBV,0.0,0.0,0.0,0.2,15.7

16/11/1998,04:31:40,HBV,0.0,0.0,0.0,0.2,15.7

16/11/1998,04:46:40,HBV,0.0,0.0,0.0,0.2,15.7

16/11/1998,05:01:40,HBV,0.0,0.0,0.0,0.2,15.7

16/11/1998,05:16:40,HBV,0.0,0.0,0.0,0.2,nan

16/11/1998,05:31:40,HBV,0.0,0.0,0.0,0.2,15.7

16/11/1998,05:46:40,HBV,0.0,0.0,0.0,0.2,15.7

16/11/1998,06:01:40,HBV,0.0,0.0,0.0,0.2,15.7

16/11/1998,06:16:40,HBV,0.0,0.0,0.0,0.2,15.7

16/11/1998,06:31:40,HBV,0.0,0.0,0.0,0.0,15.7

16/11/1998,06:46:40,HBV,0.0,0.0,0.0,0.0,15.7

16/11/1998,07:01:40,HBV,0.0,0.0,0.0,0.0,15.7

16/11/1998,07:16:40,HBV,0.0,0.0,0.0,0.0,15.7

16/11/1998,07:31:40,HBV,0.0,0.0,0.0,0.0,15.7

16/11/1998,07:46:40,HBV,0.0,0.0,0.0,0.0,15.7

16/11/1998,08:01:40,HBV,0.0,0.0,0.0,0.0,15.5

16/11/1998,08:16:40,HBV,0.0,0.0,0.0,0.0,15.5

16/11/1998,08:31:40,HBV,0.0,0.0,0.0,0.0,15.3

16/11/1998,08:46:40,HBV,0.0,0.0,0.0,0.0,15.3

16/11/1998,09:01:40,HBV,0.0,0.0,0.0,0.0,15.3

16/11/1998,09:16:40,HBV,0.0,0.0,0.0,0.0,15.3

16/11/1998,09:31:40,HBV,0.0,0.0,0.0,0.0,15.3

16/11/1998,09:46:40,HBV,0.0,0.0,0.0,0.0,15.3

16/11/1998,10:01:40,HBV,0.0,0.0,0.0,0.0,15.3

16/11/1998,10:16:40,HBV,0.0,0.0,0.0,0.0,15.3

16/11/1998,10:31:40,HBV,0.0,0.0,0.0,0.0,15.3

16/11/1998,10:46:40,HBV,0.0,0.0,0.0,0.0,15.3

16/11/1998,11:01:40,HBV,0.0,0.0,0.0,0.0,15.3

16/11/1998,11:16:40,HBV,0.0,0.0,0.0,0.0,15.3

16/11/1998,11:31:40,HBV,0.0,0.0,0.0,0.0,15.3

16/11/1998,11:46:40,HBV,0.0,0.0,0.0,0.0,15.3

16/11/1998,12:01:40,HBV,0.0,0.0,0.0,0.0,15.3

16/11/1998,12:16:40,HBV,0.0,0.0,0.0,0.0,15.3

16/11/1998,12:31:40,HBV,0.0,0.0,0.0,0.0,15.3

16/11/1998,12:46:40,HBV,0.0,0.0,0.0,0.0,15.3

16/11/1998,13:01:40,HBV,0.0,0.0,0.0,0.0,15.3

16/11/1998,13:16:40,HBV,0.0,0.0,0.0,0.0,15.3

16/11/1998,13:31:40,HBV,0.0,0.0,0.0,0.0,15.3

16/11/1998,13:46:40,HBV,0.0,0.0,0.0,0.0,15.3

16/11/1998,14:01:40,HBV,0.0,0.0,0.0,0.0,15.3

16/11/1998,14:16:40,HBV,0.0,0.0,0.0,0.0,15.3

16/11/1998,14:31:40,HBV,0.0,0.0,0.0,0.0,15.1

16/11/1998,14:46:40,HBV,0.0,0.0,0.0,0.0,15.1

16/11/1998,15:01:40,HBV,0.0,0.0,0.0,0.0,15.1

16/11/1998,15:16:40,HBV,0.0,0.0,0.0,0.0,15.1

16/11/1998,15:31:40,HBV,0.0,0.0,0.0,0.0,15.1

16/11/1998,15:46:40,HBV,0.0,0.0,0.0,0.0,15.1

16/11/1998,16:01:40,HBV,0.0,0.0,0.0,0.0,15.1

16/11/1998,16:16:40,HBV,0.0,0.0,0.0,0.0,14.9

16/11/1998,16:31:40,HBV,0.0,0.0,0.0,0.0,14.7

16/11/1998,16:46:40,HBV,0.0,0.0,0.0,0.0,14.7

16/11/1998,17:01:40,HBV,0.0,0.0,0.0,0.0,14.7

16/11/1998,17:16:40,HBV,0.0,0.0,0.0,0.0,14.7

16/11/1998,17:31:40,HBV,0.0,0.0,0.0,0.0,14.7

16/11/1998,17:46:40,HBV,0.0,0.0,0.0,0.0,14.7

16/11/1998,18:01:40,HBV,0.0,0.0,0.0,0.0,14.7

16/11/1998,18:16:40,HBV,0.0,0.0,0.0,0.0,14.7

16/11/1998,18:31:40,HBV,0.0,0.0,0.0,0.0,14.7

16/11/1998,18:46:40,HBV,0.0,0.0,0.0,0.0,14.7

16/11/1998,19:01:40,HBV,0.0,0.0,0.0,0.0,14.7

16/11/1998,19:16:40,HBV,0.0,0.0,0.0,0.0,14.7

16/11/1998,19:31:40,HBV,0.0,0.0,0.0,0.0,14.7

16/11/1998,19:46:40,HBV,0.0,0.0,0.0,0.0,14.7

16/11/1998,20:01:40,HBV,0.0,0.0,0.0,0.0,14.7

16/11/1998,20:16:40,HBV,0.0,0.0,0.0,0.0,14.7

16/11/1998,20:31:40,HBV,0.0,0.0,0.0,0.0,14.7

16/11/1998,20:46:40,HBV,0.0,0.0,0.0,0.0,14.7

16/11/1998,21:01:40,HBV,0.0,0.0,0.0,0.0,14.7

16/11/1998,21:16:40,HBV,0.0,0.0,0.0,0.0,14.7

16/11/1998,21:31:40,HBV,0.0,0.0,0.0,0.0,14.7

16/11/1998,21:46:40,HBV,0.0,0.0,0.0,0.0,14.7

16/11/1998,22:01:40,HBV,0.0,0.0,0.0,0.0,14.7

16/11/1998,22:16:40,HBV,0.0,0.0,0.0,0.0,14.7

16/11/1998,22:31:40,HBV,0.0,0.0,0.0,0.0,14.7

16/11/1998,22:46:40,HBV,0.0,0.0,0.0,0.0,14.7

16/11/1998,23:01:40,HBV,0.0,0.0,0.0,0.0,14.7

16/11/1998,23:16:40,HBV,0.0,0.0,0.0,0.0,14.7

16/11/1998,23:31:40,HBV,0.0,0.0,0.0,0.0,14.7

16/11/1998,23:46:40,HBV,0.0,0.0,0.0,0.0,14.7

17/11/1998,00:01:40,HBV,0.0,0.0,0.0,0.0,14.7

17/11/1998,00:16:40,HBV,0.0,0.0,0.0,0.0,14.7

17/11/1998,00:31:40,HBV,0.0,0.0,0.0,0.0,14.7

17/11/1998,00:46:40,HBV,0.0,0.0,0.0,0.0,14.7

17/11/1998,01:01:40,HBV,0.0,0.0,0.0,0.0,14.7

17/11/1998,01:16:40,HBV,0.0,0.0,0.0,0.0,14.7

17/11/1998,01:31:40,HBV,0.0,0.0,0.0,0.0,14.7

17/11/1998,01:46:40,HBV,0.0,0.0,0.0,0.0,14.7

17/11/1998,02:01:40,HBV,0.0,0.0,0.0,0.0,14.7

17/11/1998,02:16:40,HBV,0.0,0.0,0.0,0.0,14.7

17/11/1998,02:31:40,HBV,0.0,0.0,0.0,0.0,14.7

17/11/1998,02:46:40,HBV,0.0,0.0,0.0,0.0,14.7

17/11/1998,03:01:40,HBV,0.0,0.0,0.0,0.0,14.7

17/11/1998,03:16:40,HBV,0.0,0.0,0.0,0.0,14.7

17/11/1998,03:31:40,HBV,0.0,0.0,0.0,0.0,14.7

17/11/1998,03:46:40,HBV,0.0,0.0,0.0,0.0,14.7

17/11/1998,04:01:40,HBV,0.0,0.0,0.0,0.0,14.7

17/11/1998,04:16:40,HBV,0.0,0.0,0.0,0.0,14.7

17/11/1998,04:31:40,HBV,0.0,0.0,0.0,0.0,14.7

17/11/1998,04:46:40,HBV,0.0,0.0,0.0,0.0,14.7

17/11/1998,05:01:40,HBV,0.0,0.0,0.0,0.0,14.7

17/11/1998,05:16:40,HBV,0.0,0.0,0.0,0.0,14.7

17/11/1998,05:31:40,HBV,0.0,0.0,0.0,0.0,14.7

17/11/1998,05:46:40,HBV,0.0,0.0,0.0,0.0,14.7

17/11/1998,06:01:40,HBV,0.0,0.0,0.0,0.0,14.7

17/11/1998,06:16:40,HBV,0.0,0.0,0.0,0.0,14.7

17/11/1998,06:31:40,HBV,0.0,0.0,0.0,0.0,14.7

17/11/1998,06:46:40,HBV,0.0,0.0,0.0,0.0,14.7

17/11/1998,07:01:40,HBV,0.0,0.0,0.0,0.0,14.7

17/11/1998,07:16:40,HBV,0.0,0.0,0.0,0.0,14.7

17/11/1998,07:31:40,HBV,0.0,0.0,0.0,0.0,14.7

17/11/1998,07:46:40,HBV,0.0,0.0,0.0,0.0,14.7

17/11/1998,08:01:40,HBV,0.0,0.0,0.0,0.0,14.7

17/11/1998,08:16:40,HBV,0.0,0.0,0.0,0.0,14.7

17/11/1998,08:31:40,HBV,0.0,0.0,0.0,0.0,14.7

17/11/1998,08:46:40,HBV,0.0,0.0,0.0,0.0,14.7

17/11/1998,09:01:40,HBV,0.0,0.0,0.0,0.0,14.7

17/11/1998,09:16:40,HBV,0.0,0.0,0.0,0.0,14.7

17/11/1998,09:31:40,HBV,0.0,0.0,0.0,0.0,14.7

17/11/1998,09:46:40,HBV,0.0,0.0,0.0,0.0,14.7

17/11/1998,10:01:40,HBV,0.0,0.0,0.0,0.0,14.7

17/11/1998,10:16:40,HBV,0.0,0.0,0.0,0.0,14.7

17/11/1998,10:31:40,HBV,0.0,0.0,0.0,0.0,14.7

17/11/1998,10:46:40,HBV,0.0,0.0,0.0,0.0,14.7

17/11/1998,11:01:40,HBV,0.0,0.0,0.0,0.0,14.7

17/11/1998,11:16:40,HBV,0.0,0.0,0.0,0.0,14.7

17/11/1998,11:31:40,HBV,0.0,0.0,0.0,0.0,14.7

17/11/1998,11:46:40,HBV,0.0,0.0,0.0,0.0,14.7

17/11/1998,12:01:40,HBV,0.0,0.0,0.0,0.0,14.7

17/11/1998,12:16:40,HBV,0.0,0.0,0.0,0.0,14.7

17/11/1998,12:31:40,HBV,0.0,0.0,0.0,0.0,14.7

17/11/1998,12:46:40,HBV,0.0,0.0,0.0,0.0,14.7

17/11/1998,13:01:40,HBV,0.0,0.0,0.0,0.0,14.7

17/11/1998,13:16:40,HBV,0.0,0.0,0.0,0.0,14.7

17/11/1998,13:31:40,HBV,0.0,0.0,0.0,0.0,14.7

17/11/1998,13:46:40,HBV,0.0,0.0,0.0,0.0,14.7

17/11/1998,14:01:40,HBV,0.0,0.0,0.0,0.0,14.7

17/11/1998,14:16:40,HBV,0.0,0.0,0.0,0.0,14.7

17/11/1998,14:31:40,HBV,0.0,0.0,0.0,0.0,14.7

17/11/1998,14:46:40,HBV,0.0,0.0,0.0,0.0,14.7

17/11/1998,15:01:40,HBV,0.0,0.0,0.0,0.0,14.7

17/11/1998,15:16:40,HBV,0.0,0.0,0.0,0.0,14.7

17/11/1998,15:31:40,HBV,0.0,0.0,0.0,0.0,14.7

17/11/1998,15:46:40,HBV,0.0,0.0,0.0,0.0,14.7

17/11/1998,16:01:40,HBV,0.0,0.0,0.0,0.0,14.7

17/11/1998,16:16:40,HBV,0.0,0.0,0.0,0.0,14.7

17/11/1998,16:31:40,HBV,0.0,0.0,0.0,0.0,14.7

17/11/1998,16:46:40,HBV,0.0,0.0,0.0,0.0,14.7

17/11/1998,17:01:40,HBV,0.0,0.0,0.0,0.0,14.7

17/11/1998,17:16:40,HBV,0.0,0.0,0.0,0.0,14.7

17/11/1998,17:31:40,HBV,0.0,0.0,0.0,0.0,14.7

17/11/1998,17:46:40,HBV,0.0,0.0,0.0,0.0,14.7

17/11/1998,18:01:40,HBV,0.0,0.0,0.0,0.0,14.7

17/11/1998,18:16:40,HBV,0.0,0.0,0.0,0.0,14.7

17/11/1998,18:31:40,HBV,0.0,0.0,0.0,0.0,14.7

17/11/1998,18:46:40,HBV,0.0,0.0,0.0,0.0,14.7

17/11/1998,19:01:40,HBV,0.0,0.0,0.0,0.0,14.7

17/11/1998,19:16:40,HBV,0.0,0.0,0.0,0.0,14.7

17/11/1998,19:31:40,HBV,0.0,0.0,0.0,0.0,14.7

17/11/1998,19:46:40,HBV,0.0,0.0,0.0,0.0,14.7

17/11/1998,20:01:40,HBV,0.0,0.0,0.0,0.0,14.7

17/11/1998,20:16:40,HBV,0.0,0.0,0.0,0.0,14.7

17/11/1998,20:31:40,HBV,0.0,0.0,0.0,0.0,14.7

17/11/1998,20:46:40,HBV,0.0,0.0,0.0,0.0,14.7

17/11/1998,21:01:40,HBV,0.0,0.0,0.0,0.0,14.7

17/11/1998,21:16:40,HBV,0.0,0.0,0.0,0.0,14.7

17/11/1998,21:31:40,HBV,0.0,0.0,0.0,0.0,14.7

17/11/1998,21:46:40,HBV,0.0,0.0,0.0,0.0,14.7

17/11/1998,22:01:40,HBV,0.0,0.0,0.0,0.0,14.7

17/11/1998,22:16:40,HBV,0.0,0.0,0.0,0.0,14.7

17/11/1998,22:31:40,HBV,0.0,0.0,0.0,0.0,14.7

17/11/1998,22:46:40,HBV,0.0,0.0,0.0,0.0,14.7

17/11/1998,23:01:40,HBV,0.0,0.0,0.0,0.0,14.7

17/11/1998,23:16:40,HBV,0.0,0.0,0.0,0.0,14.7

17/11/1998,23:31:40,HBV,0.0,0.0,0.0,0.0,14.7

17/11/1998,23:46:40,HBV,0.0,0.0,0.0,0.0,14.7

18/11/1998,00:01:40,HBV,0.0,0.0,0.0,0.0,14.7

18/11/1998,00:16:40,HBV,0.0,0.0,0.0,0.0,14.7

18/11/1998,00:31:40,HBV,0.0,0.0,0.0,0.0,14.7

18/11/1998,00:46:40,HBV,0.0,0.0,0.0,0.0,14.7

18/11/1998,01:01:40,HBV,0.0,0.0,0.0,0.0,14.7

18/11/1998,01:16:40,HBV,0.0,0.0,0.0,0.0,14.7

18/11/1998,01:31:40,HBV,0.0,0.0,0.0,0.0,14.7

18/11/1998,01:46:40,HBV,0.0,0.0,0.0,0.0,14.7

18/11/1998,02:01:40,HBV,0.0,0.0,0.0,0.0,14.7

18/11/1998,02:16:40,HBV,0.0,0.0,0.0,0.0,14.7

18/11/1998,02:31:40,HBV,0.0,0.0,0.0,0.0,14.7

18/11/1998,02:46:40,HBV,0.0,0.0,0.0,0.0,14.2

18/11/1998,03:01:40,HBV,0.0,0.0,0.0,0.0,14.0

18/11/1998,03:16:40,HBV,0.0,0.0,0.0,0.0,14.0

18/11/1998,03:31:40,HBV,0.0,0.0,0.0,0.0,14.0

18/11/1998,03:46:40,HBV,0.0,0.0,0.0,0.0,13.8

18/11/1998,04:01:40,HBV,0.0,0.0,0.0,0.0,13.8

18/11/1998,04:16:40,HBV,0.0,0.0,0.0,0.0,13.8

18/11/1998,04:31:40,HBV,0.0,0.0,0.0,0.0,13.8

18/11/1998,04:46:40,HBV,0.0,0.0,0.0,0.0,13.8

18/11/1998,05:01:40,HBV,0.0,0.0,0.0,0.0,13.8

18/11/1998,05:16:40,HBV,0.0,0.0,0.0,0.0,13.8

18/11/1998,05:31:40,HBV,0.0,0.0,0.0,0.0,13.8

18/11/1998,05:46:40,HBV,0.0,0.0,0.0,0.0,13.8

18/11/1998,06:01:40,HBV,0.0,0.0,0.0,0.0,13.8

18/11/1998,06:16:40,HBV,0.0,0.0,0.0,0.0,13.8

18/11/1998,06:31:40,HBV,0.0,0.0,0.0,0.0,13.8

18/11/1998,06:46:40,HBV,0.0,0.0,0.0,0.0,13.8

18/11/1998,07:01:40,HBV,0.0,0.0,0.0,0.0,13.8

18/11/1998,07:16:40,HBV,0.0,0.0,0.0,0.0,13.8

18/11/1998,07:31:40,HBV,0.0,0.0,0.0,0.0,13.8

18/11/1998,07:46:40,HBV,0.0,0.0,0.0,0.0,13.8

18/11/1998,08:01:40,HBV,0.0,0.0,0.0,0.0,13.8

18/11/1998,08:16:40,HBV,0.0,0.0,0.0,0.0,13.8

18/11/1998,08:31:40,HBV,0.0,0.0,0.0,0.0,13.8

18/11/1998,08:46:40,HBV,0.0,0.0,0.0,0.0,13.8

18/11/1998,09:01:40,HBV,0.0,0.0,0.0,0.0,13.8

18/11/1998,09:16:40,HBV,0.0,0.0,0.0,0.0,13.8

18/11/1998,09:31:40,HBV,0.0,0.0,0.0,0.0,13.8

18/11/1998,09:46:40,HBV,0.0,0.0,0.0,0.0,13.8

18/11/1998,10:01:40,HBV,0.0,0.0,0.0,0.0,13.8

18/11/1998,10:16:40,HBV,0.0,0.0,0.0,0.0,nan

18/11/1998,10:31:40,HBV,0.0,0.0,0.0,0.0,13.8

18/11/1998,10:46:40,HBV,0.0,0.0,0.0,0.0,13.8

18/11/1998,11:01:40,HBV,0.0,0.0,0.0,0.0,13.8

18/11/1998,11:16:40,HBV,0.0,0.0,0.0,0.0,13.8

18/11/1998,11:31:40,HBV,0.0,0.0,0.0,0.0,13.8

18/11/1998,11:46:40,HBV,0.0,0.0,0.0,0.0,13.8

18/11/1998,12:01:40,HBV,0.0,0.0,0.0,0.0,13.8

18/11/1998,12:16:40,HBV,0.0,0.0,0.0,0.0,13.8

18/11/1998,12:31:40,HBV,0.0,0.0,0.0,0.0,13.8

18/11/1998,12:46:40,HBV,0.0,0.0,0.0,0.0,13.8

18/11/1998,13:01:40,HBV,0.0,0.0,0.0,0.0,13.8

18/11/1998,13:16:40,HBV,0.0,0.0,0.0,0.0,13.8

18/11/1998,13:31:40,HBV,0.0,0.0,0.0,0.0,13.8

18/11/1998,13:46:40,HBV,0.0,0.0,0.0,0.0,12.8

18/11/1998,14:01:40,HBV,0.0,0.0,0.0,0.0,12.8

18/11/1998,14:16:40,HBV,0.0,0.0,0.0,0.0,12.3

18/11/1998,14:31:40,HBV,0.0,0.0,0.0,0.0,11.1

18/11/1998,14:46:40,HBV,0.0,0.0,0.0,0.0,6.9

18/11/1998,15:01:40,HBV,0.0,0.0,0.0,0.0,4.7

18/11/1998,15:16:40,HBV,0.0,0.0,0.0,0.0,3.2

18/11/1998,15:31:40,HBV,0.0,0.0,0.0,0.0,3.0

18/11/1998,15:46:40,HBV,0.0,0.0,0.0,0.0,2.3

18/11/1998,16:01:40,HBV,0.0,0.0,0.0,0.0,2.1

18/11/1998,16:16:40,HBV,0.0,0.0,0.0,0.0,1.1

18/11/1998,16:31:40,HBV,0.0,0.0,0.0,0.0,0.6

18/11/1998,16:46:40,HBV,0.0,0.0,0.0,0.0,0.4

18/11/1998,17:01:40,HBV,0.0,0.0,0.0,0.0,0.4

18/11/1998,17:16:40,HBV,0.0,0.0,0.0,0.0,0.2

18/11/1998,17:31:40,HBV,0.0,0.0,0.0,0.0,0.2

18/11/1998,17:46:40,HBV,0.0,0.0,0.0,0.0,0.2

18/11/1998,18:01:40,HBV,0.0,0.0,0.0,0.0,0.2

18/11/1998,18:16:40,HBV,0.0,0.0,0.0,0.0,0.2

18/11/1998,18:31:40,HBV,0.0,0.0,0.0,0.0,0.2

18/11/1998,18:46:40,HBV,0.0,0.0,0.0,0.0,0.2

18/11/1998,19:01:40,HBV,0.0,0.0,0.0,0.0,0.2

18/11/1998,19:16:40,HBV,0.0,0.0,0.0,0.0,0.2

18/11/1998,19:31:40,HBV,0.0,0.0,0.0,0.0,0.2

18/11/1998,19:46:40,HBV,0.0,0.0,0.0,0.0,0.2

18/11/1998,20:01:40,HBV,0.0,0.0,0.0,0.0,0.2

18/11/1998,20:16:40,HBV,0.0,0.0,0.0,0.0,0.2

18/11/1998,20:31:40,HBV,0.0,0.0,0.0,0.0,0.2

18/11/1998,20:46:40,HBV,0.2,0.2,0.2,0.2,0.4

18/11/1998,21:01:40,HBV,2.2,2.4,2.4,2.4,2.6

18/11/1998,21:16:40,HBV,1.2,3.6,3.6,3.6,3.8

18/11/1998,21:31:40,HBV,1.0,4.6,4.6,4.6,4.8

18/11/1998,21:46:40,HBV,0.7,5.1,5.3,5.3,5.5

18/11/1998,22:01:40,HBV,0.7,3.6,6.0,6.0,6.2

18/11/1998,22:16:40,HBV,1.0,3.4,7.0,7.0,7.2

18/11/1998,22:31:40,HBV,0.5,2.9,7.5,7.5,7.7

18/11/1998,22:46:40,HBV,0.0,2.2,7.5,7.5,7.7

18/11/1998,23:01:40,HBV,0.2,1.7,7.7,7.7,7.9

18/11/1998,23:16:40,HBV,0.2,0.9,7.9,7.9,8.1

18/11/1998,23:31:40,HBV,0.0,0.4,7.9,7.9,8.1

18/11/1998,23:46:40,HBV,0.0,0.4,7.9,7.9,8.1

19/11/1998,00:01:40,HBV,0.0,0.2,7.9,7.9,8.1

19/11/1998,00:16:40,HBV,0.0,0.0,7.9,7.9,8.1

19/11/1998,00:31:40,HBV,0.0,0.0,7.9,7.9,8.1

19/11/1998,00:46:40,HBV,0.0,0.0,7.7,7.9,8.1

19/11/1998,01:01:40,HBV,0.0,0.0,5.5,7.9,8.1

19/11/1998,01:16:40,HBV,0.0,0.0,4.3,7.9,8.1

19/11/1998,01:31:40,HBV,0.0,0.0,3.3,7.9,8.1

19/11/1998,01:46:40,HBV,0.0,0.0,2.6,7.9,8.1

19/11/1998,02:01:40,HBV,0.0,0.0,1.9,7.9,8.1

19/11/1998,02:16:40,HBV,0.0,0.0,0.9,7.9,8.1

19/11/1998,02:31:40,HBV,0.0,0.0,0.4,7.9,8.1

19/11/1998,02:46:40,HBV,0.0,0.0,0.4,7.9,8.1

19/11/1998,03:01:40,HBV,0.0,0.0,0.2,7.9,8.1

19/11/1998,03:16:40,HBV,0.0,0.0,0.0,7.9,8.1

19/11/1998,03:31:40,HBV,0.0,0.0,0.0,7.9,8.1

19/11/1998,03:46:40,HBV,0.0,0.0,0.0,7.9,8.1

19/11/1998,04:01:40,HBV,0.0,0.0,0.0,7.9,8.1

19/11/1998,04:16:40,HBV,0.0,0.0,0.0,7.9,8.1

19/11/1998,04:31:40,HBV,0.0,0.0,0.0,7.9,8.1

19/11/1998,04:46:40,HBV,0.0,0.0,0.0,7.9,8.1

19/11/1998,05:01:40,HBV,0.0,0.0,0.0,7.9,8.1

19/11/1998,05:16:40,HBV,0.0,0.0,0.0,7.9,8.1

19/11/1998,05:31:40,HBV,0.0,0.0,0.0,7.9,8.1

19/11/1998,05:46:40,HBV,0.0,0.0,0.0,7.9,8.1

19/11/1998,06:01:40,HBV,0.0,0.0,0.0,7.9,8.1

19/11/1998,06:16:40,HBV,0.0,0.0,0.0,7.9,8.1

19/11/1998,06:31:40,HBV,0.0,0.0,0.0,7.9,7.9

19/11/1998,06:46:40,HBV,0.0,0.0,0.0,7.9,7.9

19/11/1998,07:01:40,HBV,0.0,0.0,0.0,7.9,7.9

19/11/1998,07:16:40,HBV,0.0,0.0,0.0,7.9,7.9

19/11/1998,07:31:40,HBV,0.0,0.0,0.0,7.9,7.9

19/11/1998,07:46:40,HBV,0.0,0.0,0.0,7.9,7.9

19/11/1998,08:01:40,HBV,0.0,0.0,0.0,7.9,7.9

19/11/1998,08:16:40,HBV,0.0,0.0,0.0,7.9,7.9

19/11/1998,08:31:40,HBV,0.0,0.0,0.0,7.9,7.9

19/11/1998,08:46:40,HBV,0.0,0.0,0.0,7.9,7.9

19/11/1998,09:01:40,HBV,0.0,0.0,0.0,7.9,7.9

19/11/1998,09:16:40,HBV,0.0,0.0,0.0,7.9,7.9

19/11/1998,09:31:40,HBV,0.0,0.0,0.0,7.9,7.9

19/11/1998,09:46:40,HBV,0.0,0.0,0.0,7.9,7.9

19/11/1998,10:01:40,HBV,0.2,0.2,0.2,8.1,8.1

19/11/1998,10:16:40,HBV,0.7,0.9,0.9,8.8,8.8

19/11/1998,10:31:40,HBV,0.7,1.6,1.6,9.5,9.5

19/11/1998,10:46:40,HBV,0.2,1.8,1.8,9.7,9.7

19/11/1998,11:01:40,HBV,0.2,1.8,2.0,9.9,9.9

19/11/1998,11:16:40,HBV,0.5,1.6,2.5,10.4,10.4

19/11/1998,11:31:40,HBV,0.0,0.9,2.5,10.4,10.4

19/11/1998,11:46:40,HBV,0.2,0.9,2.7,10.6,10.6

19/11/1998,12:01:40,HBV,0.2,0.9,2.9,10.8,10.8

19/11/1998,12:16:40,HBV,0.0,0.4,2.9,10.8,10.8

19/11/1998,12:31:40,HBV,0.2,0.6,3.1,11.0,11.0

19/11/1998,12:46:40,HBV,0.0,0.4,3.1,11.0,11.0

19/11/1998,13:01:40,HBV,0.2,0.4,3.3,11.2,11.2

19/11/1998,13:16:40,HBV,0.0,0.4,3.3,11.2,11.2

19/11/1998,13:31:40,HBV,0.2,0.4,3.5,11.4,11.4

19/11/1998,13:46:40,HBV,0.0,0.4,3.5,11.4,11.4

19/11/1998,14:01:40,HBV,0.2,0.4,3.5,11.6,11.6

19/11/1998,14:16:40,HBV,0.0,0.4,2.8,11.6,11.6

19/11/1998,14:31:40,HBV,0.2,0.4,2.3,11.8,11.8

19/11/1998,14:46:40,HBV,0.2,0.6,2.3,12.0,12.0

19/11/1998,15:01:40,HBV,0.0,0.4,2.1,12.0,12.0

19/11/1998,15:16:40,HBV,0.2,0.6,1.8,12.2,12.2

19/11/1998,15:31:40,HBV,0.0,0.4,1.8,12.2,12.2

19/11/1998,15:46:40,HBV,0.2,0.4,1.8,12.4,12.4

19/11/1998,16:01:40,HBV,0.5,0.9,2.1,12.9,12.9

19/11/1998,16:16:40,HBV,0.0,0.7,2.1,12.9,12.9

19/11/1998,16:31:40,HBV,0.0,0.7,1.9,12.9,12.9

19/11/1998,16:46:40,HBV,0.2,0.7,2.1,13.1,13.1

19/11/1998,17:01:40,HBV,0.2,0.4,2.1,13.3,13.3

19/11/1998,17:16:40,HBV,0.0,0.4,2.1,13.3,13.3

19/11/1998,17:31:40,HBV,0.2,0.6,2.1,13.5,13.5

19/11/1998,17:46:40,HBV,0.0,0.4,2.1,13.5,13.5

19/11/1998,18:01:40,HBV,0.2,0.4,2.1,13.7,13.7

19/11/1998,18:16:40,HBV,0.0,0.4,2.1,13.7,13.7

19/11/1998,18:31:40,HBV,0.0,0.2,1.9,13.7,13.7

19/11/1998,18:46:40,HBV,0.0,0.2,1.7,13.7,13.7

19/11/1998,19:01:40,HBV,0.2,0.2,1.9,13.9,13.9

19/11/1998,19:16:40,HBV,0.7,0.9,2.4,14.6,14.6

19/11/1998,19:31:40,HBV,0.0,0.9,2.4,14.6,14.6

19/11/1998,19:46:40,HBV,0.2,1.1,2.4,14.8,14.8

19/11/1998,20:01:40,HBV,0.2,1.1,2.1,15.0,15.0

19/11/1998,20:16:40,HBV,0.5,0.9,2.6,15.5,15.5

19/11/1998,20:31:40,HBV,0.2,1.1,2.8,15.7,15.7

19/11/1998,20:46:40,HBV,0.5,1.4,3.1,16.0,16.2

19/11/1998,21:01:40,HBV,0.2,1.4,3.1,14.0,16.4

19/11/1998,21:16:40,HBV,0.7,1.6,3.8,13.5,17.1

19/11/1998,21:31:40,HBV,0.2,1.6,3.8,12.7,17.3

19/11/1998,21:46:40,HBV,0.2,1.3,4.0,12.2,17.5

19/11/1998,22:01:40,HBV,0.2,1.3,4.0,11.7,17.7

19/11/1998,22:16:40,HBV,0.2,0.8,4.2,10.9,17.9

19/11/1998,22:31:40,HBV,1.0,1.6,5.2,11.4,18.9

19/11/1998,22:46:40,HBV,0.2,1.6,5.4,11.6,19.1

19/11/1998,23:01:40,HBV,0.2,1.6,5.4,11.6,19.3

19/11/1998,23:16:40,HBV,0.5,1.9,5.2,11.9,19.8

19/11/1998,23:31:40,HBV,0.0,0.9,5.2,11.9,19.8

19/11/1998,23:46:40,HBV,0.0,0.7,5.0,11.9,19.8

20/11/1998,00:01:40,HBV,0.0,0.5,4.8,11.9,19.8

20/11/1998,00:16:40,HBV,0.0,0.0,4.3,11.9,19.8

20/11/1998,00:31:40,HBV,0.0,0.0,4.1,11.9,19.8

20/11/1998,00:46:40,HBV,0.0,0.0,3.6,11.9,19.8

20/11/1998,01:01:40,HBV,0.0,0.0,3.4,11.9,19.8

20/11/1998,01:16:40,HBV,0.0,0.0,2.7,11.9,19.8

20/11/1998,01:31:40,HBV,0.0,0.0,2.5,11.9,19.8

20/11/1998,01:46:40,HBV,0.0,0.0,2.3,11.9,19.8

20/11/1998,02:01:40,HBV,0.0,0.0,2.1,11.9,19.8

20/11/1998,02:16:40,HBV,0.0,0.0,1.9,11.9,19.8

20/11/1998,02:31:40,HBV,0.2,0.2,1.1,12.1,20.0

20/11/1998,02:46:40,HBV,0.0,0.2,0.9,12.1,20.0

20/11/1998,03:01:40,HBV,0.0,0.2,0.7,12.1,20.0

20/11/1998,03:16:40,HBV,0.0,0.2,0.2,12.1,20.0

20/11/1998,03:31:40,HBV,0.0,0.0,0.2,12.1,20.0

20/11/1998,03:46:40,HBV,0.0,0.0,0.2,12.1,20.0

20/11/1998,04:01:40,HBV,0.0,0.0,0.2,12.1,20.0

20/11/1998,04:16:40,HBV,0.0,0.0,0.2,12.1,20.0

20/11/1998,04:31:40,HBV,0.0,0.0,0.2,12.1,20.0

20/11/1998,04:46:40,HBV,0.0,0.0,0.2,12.1,20.0

20/11/1998,05:01:40,HBV,0.0,0.0,0.2,12.1,20.0

20/11/1998,05:16:40,HBV,0.0,0.0,0.2,12.1,20.0

20/11/1998,05:31:40,HBV,0.0,0.0,0.2,12.1,20.0

20/11/1998,05:46:40,HBV,0.0,0.0,0.2,12.1,20.0

20/11/1998,06:01:40,HBV,0.0,0.0,0.2,12.1,20.0

20/11/1998,06:16:40,HBV,0.2,0.2,0.4,12.3,20.2

20/11/1998,06:31:40,HBV,0.0,0.2,0.2,12.3,20.2

20/11/1998,06:46:40,HBV,0.0,0.2,0.2,12.3,20.2

20/11/1998,07:01:40,HBV,0.0,0.2,0.2,12.3,20.2

20/11/1998,07:16:40,HBV,0.2,0.2,0.4,12.5,20.4

20/11/1998,07:31:40,HBV,0.2,0.4,0.6,12.7,20.6

20/11/1998,07:46:40,HBV,0.2,0.6,0.8,12.9,20.8

20/11/1998,08:01:40,HBV,0.0,0.6,0.8,12.9,20.8

20/11/1998,08:16:40,HBV,0.2,0.6,1.0,13.1,21.0

20/11/1998,08:31:40,HBV,0.2,0.6,1.2,13.3,21.2

20/11/1998,08:46:40,HBV,0.0,0.4,1.2,13.3,21.2

20/11/1998,09:01:40,HBV,0.2,0.6,1.4,13.5,21.4

20/11/1998,09:16:40,HBV,0.0,0.4,1.4,13.5,21.4

20/11/1998,09:31:40,HBV,0.0,0.2,1.4,13.5,21.4

20/11/1998,09:46:40,HBV,0.0,0.2,1.4,13.5,21.4

20/11/1998,10:01:40,HBV,0.0,0.0,1.4,13.3,21.4

20/11/1998,10:16:40,HBV,0.2,0.2,1.4,12.8,21.6

20/11/1998,10:31:40,HBV,0.5,0.7,1.9,12.6,22.1

20/11/1998,10:46:40,HBV,0.2,0.9,2.1,12.6,22.3

20/11/1998,11:01:40,HBV,0.7,1.6,2.8,13.1,23.0

20/11/1998,11:16:40,HBV,0.0,1.4,2.6,12.6,23.0

20/11/1998,11:31:40,HBV,0.0,0.9,2.4,12.6,23.0

20/11/1998,11:46:40,HBV,0.0,0.7,2.2,12.4,23.0

20/11/1998,12:01:40,HBV,0.0,0.0,2.2,12.2,23.0

20/11/1998,12:16:40,HBV,0.0,0.0,2.0,12.2,23.0

20/11/1998,12:31:40,HBV,0.0,0.0,1.8,12.0,23.0

20/11/1998,12:46:40,HBV,0.0,0.0,1.8,12.0,23.0

20/11/1998,13:01:40,HBV,0.0,0.0,1.6,11.8,23.0

20/11/1998,13:16:40,HBV,0.0,0.0,1.6,11.8,23.0

20/11/1998,13:31:40,HBV,0.0,0.0,1.6,11.6,23.0

20/11/1998,13:46:40,HBV,0.0,0.0,1.6,11.6,23.0

20/11/1998,14:01:40,HBV,0.0,0.0,1.6,11.4,23.0

20/11/1998,14:16:40,HBV,0.0,0.0,1.4,11.4,23.0

20/11/1998,14:31:40,HBV,0.0,0.0,0.9,11.2,23.0

20/11/1998,14:46:40,HBV,0.0,0.0,0.7,11.0,23.0

20/11/1998,15:01:40,HBV,0.0,0.0,0.0,11.0,23.0

20/11/1998,15:16:40,HBV,0.0,0.0,0.0,10.8,23.0

20/11/1998,15:31:40,HBV,0.0,0.0,0.0,10.8,23.0

20/11/1998,15:46:40,HBV,0.0,0.0,0.0,10.6,23.0

20/11/1998,16:01:40,HBV,0.0,0.0,0.0,10.1,23.0

20/11/1998,16:16:40,HBV,0.0,0.0,0.0,10.1,23.0

20/11/1998,16:31:40,HBV,0.0,0.0,0.0,10.1,23.0

20/11/1998,16:46:40,HBV,0.0,0.0,0.0,9.9,23.0

20/11/1998,17:01:40,HBV,0.0,0.0,0.0,9.7,23.0

20/11/1998,17:16:40,HBV,0.0,0.0,0.0,9.7,23.0

20/11/1998,17:31:40,HBV,0.0,0.0,0.0,9.5,23.0

20/11/1998,17:46:40,HBV,0.0,0.0,0.0,9.5,23.0

20/11/1998,18:01:40,HBV,0.0,0.0,0.0,9.3,23.0

20/11/1998,18:16:40,HBV,0.0,0.0,0.0,9.3,23.0

20/11/1998,18:31:40,HBV,0.0,0.0,0.0,9.3,23.0

20/11/1998,18:46:40,HBV,0.0,0.0,0.0,9.3,23.0

20/11/1998,19:01:40,HBV,0.0,0.0,0.0,9.1,23.0

20/11/1998,19:16:40,HBV,0.0,0.0,0.0,8.4,23.0

20/11/1998,19:31:40,HBV,0.0,0.0,0.0,8.4,23.0

20/11/1998,19:46:40,HBV,0.0,0.0,0.0,8.2,23.0

20/11/1998,20:01:40,HBV,0.0,0.0,0.0,8.0,23.0

20/11/1998,20:16:40,HBV,0.0,0.0,0.0,7.5,23.0

20/11/1998,20:31:40,HBV,0.0,0.0,0.0,7.3,23.0

20/11/1998,20:46:40,HBV,0.0,0.0,0.0,6.8,23.0

20/11/1998,21:01:40,HBV,0.0,0.0,0.0,6.6,23.0

20/11/1998,21:16:40,HBV,0.0,0.0,0.0,5.9,23.0

20/11/1998,21:31:40,HBV,0.0,0.0,0.0,5.7,23.0

20/11/1998,21:46:40,HBV,0.0,0.0,0.0,5.5,23.0

20/11/1998,22:01:40,HBV,0.0,0.0,0.0,5.3,23.0

20/11/1998,22:16:40,HBV,0.0,0.0,0.0,5.1,23.0

20/11/1998,22:31:40,HBV,0.0,0.0,0.0,4.1,23.0

20/11/1998,22:46:40,HBV,0.0,0.0,0.0,3.9,23.0

20/11/1998,23:01:40,HBV,0.0,0.0,0.0,3.7,23.0

20/11/1998,23:16:40,HBV,0.0,0.0,0.0,3.2,23.0

20/11/1998,23:31:40,HBV,0.0,0.0,0.0,3.2,23.0

20/11/1998,23:46:40,HBV,0.0,0.0,0.0,3.2,23.0

21/11/1998,00:01:40,HBV,0.0,0.0,0.0,3.2,23.0

21/11/1998,00:16:40,HBV,0.0,0.0,0.0,3.2,23.0

21/11/1998,00:31:40,HBV,0.0,0.0,0.0,3.2,23.0

21/11/1998,00:46:40,HBV,0.0,0.0,0.0,3.2,23.0

21/11/1998,01:01:40,HBV,0.0,0.0,0.0,3.2,23.0

21/11/1998,01:16:40,HBV,0.0,0.0,0.0,3.2,23.0

21/11/1998,01:31:40,HBV,0.0,0.0,0.0,3.2,23.0

21/11/1998,01:46:40,HBV,0.0,0.0,0.0,3.2,23.0

21/11/1998,02:01:40,HBV,0.0,0.0,0.0,3.2,23.0

21/11/1998,02:16:40,HBV,0.0,0.0,0.0,3.2,23.0

21/11/1998,02:31:40,HBV,0.0,0.0,0.0,3.0,23.0

21/11/1998,02:46:40,HBV,0.0,0.0,0.0,3.0,23.0

21/11/1998,03:01:40,HBV,0.0,0.0,0.0,3.0,23.0

21/11/1998,03:16:40,HBV,0.0,0.0,0.0,3.0,23.0

21/11/1998,03:31:40,HBV,0.0,0.0,0.0,3.0,23.0

21/11/1998,03:46:40,HBV,0.0,0.0,0.0,3.0,23.0

21/11/1998,04:01:40,HBV,0.0,0.0,0.0,3.0,23.0

21/11/1998,04:16:40,HBV,0.0,0.0,0.0,3.0,23.0

21/11/1998,04:31:40,HBV,0.0,0.0,0.0,3.0,23.0

21/11/1998,04:46:40,HBV,0.0,0.0,0.0,3.0,23.0

21/11/1998,05:01:40,HBV,0.0,0.0,0.0,3.0,23.0

21/11/1998,05:16:40,HBV,0.0,0.0,0.0,3.0,23.0

21/11/1998,05:31:40,HBV,0.0,0.0,0.0,3.0,23.0

21/11/1998,05:46:40,HBV,0.0,0.0,0.0,3.0,23.0

21/11/1998,06:01:40,HBV,0.0,0.0,0.0,3.0,23.0

21/11/1998,06:16:40,HBV,0.0,0.0,0.0,2.8,23.0

21/11/1998,06:31:40,HBV,0.0,0.0,0.0,2.8,23.0

21/11/1998,06:46:40,HBV,0.0,0.0,0.0,2.8,23.0

21/11/1998,07:01:40,HBV,0.0,0.0,0.0,2.8,23.0

21/11/1998,07:16:40,HBV,0.0,0.0,0.0,2.6,23.0

21/11/1998,07:31:40,HBV,0.0,0.0,0.0,2.4,23.0

21/11/1998,07:46:40,HBV,0.0,0.0,0.0,2.2,23.0

21/11/1998,08:01:40,HBV,0.0,0.0,0.0,2.2,23.0

21/11/1998,08:16:40,HBV,0.0,0.0,0.0,2.0,23.0

21/11/1998,08:31:40,HBV,0.0,0.0,0.0,1.8,23.0

21/11/1998,08:46:40,HBV,0.0,0.0,0.0,1.8,23.0

21/11/1998,09:01:40,HBV,0.0,0.0,0.0,1.6,23.0

21/11/1998,09:16:40,HBV,0.0,0.0,0.0,1.6,23.0

21/11/1998,09:31:40,HBV,0.0,0.0,0.0,1.6,23.0

21/11/1998,09:46:40,HBV,0.0,0.0,0.0,1.6,23.0

21/11/1998,10:01:40,HBV,0.0,0.0,0.0,1.6,23.0

21/11/1998,10:16:40,HBV,0.0,0.0,0.0,1.4,23.0

21/11/1998,10:31:40,HBV,0.0,0.0,0.0,0.9,23.0

21/11/1998,10:46:40,HBV,0.0,0.0,0.0,0.7,23.0

21/11/1998,11:01:40,HBV,0.0,0.0,0.0,0.0,23.0

21/11/1998,11:16:40,HBV,0.0,0.0,0.0,0.0,23.0

21/11/1998,11:31:40,HBV,0.0,0.0,0.0,0.0,23.0

21/11/1998,11:46:40,HBV,0.0,0.0,0.0,0.0,23.0

21/11/1998,12:01:40,HBV,0.0,0.0,0.0,0.0,23.0

21/11/1998,12:16:40,HBV,0.0,0.0,0.0,0.0,23.0

21/11/1998,12:31:40,HBV,0.0,0.0,0.0,0.0,23.0

21/11/1998,12:46:40,HBV,0.0,0.0,0.0,0.0,23.0

21/11/1998,13:01:40,HBV,0.0,0.0,0.0,0.0,23.0

21/11/1998,13:16:40,HBV,0.0,0.0,0.0,0.0,23.0

21/11/1998,13:31:40,HBV,0.0,0.0,0.0,0.0,23.0

21/11/1998,13:46:40,HBV,0.0,0.0,0.0,0.0,23.0

21/11/1998,14:01:40,HBV,0.0,0.0,0.0,0.0,23.0

21/11/1998,14:16:40,HBV,0.0,0.0,0.0,0.0,23.0

21/11/1998,14:31:40,HBV,0.0,0.0,0.0,0.0,23.0

21/11/1998,14:46:40,HBV,0.0,0.0,0.0,0.0,23.0

21/11/1998,15:01:40,HBV,0.0,0.0,0.0,0.0,23.0

21/11/1998,15:16:40,HBV,0.0,0.0,0.0,0.0,23.0

21/11/1998,15:31:40,HBV,0.0,0.0,0.0,0.0,23.0

21/11/1998,15:46:40,HBV,0.0,0.0,0.0,0.0,23.0

21/11/1998,16:01:40,HBV,0.0,0.0,0.0,0.0,23.0

21/11/1998,16:16:40,HBV,0.0,0.0,0.0,0.0,23.0

21/11/1998,16:31:40,HBV,0.0,0.0,0.0,0.0,23.0

21/11/1998,16:46:40,HBV,0.0,0.0,0.0,0.0,23.0

21/11/1998,17:01:40,HBV,0.0,0.0,0.0,0.0,23.0

21/11/1998,17:16:40,HBV,0.0,0.0,0.0,0.0,23.0

21/11/1998,17:31:40,HBV,0.0,0.0,0.0,0.0,23.0

21/11/1998,17:46:40,HBV,0.0,0.0,0.0,0.0,23.0

21/11/1998,18:01:40,HBV,0.0,0.0,0.0,0.0,23.0

21/11/1998,18:16:40,HBV,0.0,0.0,0.0,0.0,23.0

21/11/1998,18:31:40,HBV,0.0,0.0,0.0,0.0,23.0

21/11/1998,18:46:40,HBV,0.0,0.0,0.0,0.0,23.0

21/11/1998,19:01:40,HBV,0.0,0.0,0.0,0.0,23.0

21/11/1998,19:16:40,HBV,0.0,0.0,0.0,0.0,23.0

21/11/1998,19:31:40,HBV,0.0,0.0,0.0,0.0,23.0

21/11/1998,19:46:40,HBV,0.0,0.0,0.0,0.0,23.0

21/11/1998,20:01:40,HBV,0.0,0.0,0.0,0.0,23.0

21/11/1998,20:16:40,HBV,0.0,0.0,0.0,0.0,23.0

21/11/1998,20:31:40,HBV,0.0,0.0,0.0,0.0,23.0

21/11/1998,20:46:40,HBV,0.0,0.0,0.0,0.0,23.0

21/11/1998,21:01:40,HBV,0.0,0.0,0.0,0.0,23.0

21/11/1998,21:16:40,HBV,0.0,0.0,0.0,0.0,23.0

21/11/1998,21:31:40,HBV,0.0,0.0,0.0,0.0,23.0

21/11/1998,21:46:40,HBV,0.0,0.0,0.0,0.0,23.0

21/11/1998,22:01:40,HBV,0.0,0.0,0.0,0.0,23.0

21/11/1998,22:16:40,HBV,0.0,0.0,0.0,0.0,23.0

21/11/1998,22:31:40,HBV,0.0,0.0,0.0,0.0,23.0

21/11/1998,22:46:40,HBV,0.0,0.0,0.0,0.0,23.0

21/11/1998,23:01:40,HBV,0.0,0.0,0.0,0.0,23.0

21/11/1998,23:16:40,HBV,0.0,0.0,0.0,0.0,23.0

21/11/1998,23:31:40,HBV,0.0,0.0,0.0,0.0,23.0

21/11/1998,23:46:40,HBV,0.0,0.0,0.0,0.0,23.0

22/11/1998,00:01:40,HBV,0.0,0.0,0.0,0.0,23.0

22/11/1998,00:16:40,HBV,0.0,0.0,0.0,0.0,23.0

22/11/1998,00:31:40,HBV,0.0,0.0,0.0,0.0,23.0

22/11/1998,00:46:40,HBV,0.0,0.0,0.0,0.0,23.0

22/11/1998,01:01:40,HBV,0.0,0.0,0.0,0.0,23.0

22/11/1998,01:16:40,HBV,0.0,0.0,0.0,0.0,23.0

22/11/1998,01:31:40,HBV,0.0,0.0,0.0,0.0,23.0

22/11/1998,01:46:40,HBV,0.0,0.0,0.0,0.0,23.0

22/11/1998,02:01:40,HBV,0.0,0.0,0.0,0.0,23.0

22/11/1998,02:16:40,HBV,0.0,0.0,0.0,0.0,23.0

22/11/1998,02:31:40,HBV,0.0,0.0,0.0,0.0,23.0

22/11/1998,02:46:40,HBV,0.0,0.0,0.0,0.0,23.0

22/11/1998,03:01:40,HBV,0.0,0.0,0.0,0.0,23.0

22/11/1998,03:16:40,HBV,0.0,0.0,0.0,0.0,23.0

22/11/1998,03:31:40,HBV,0.0,0.0,0.0,0.0,23.0

22/11/1998,03:46:40,HBV,0.0,0.0,0.0,0.0,23.0

22/11/1998,04:01:40,HBV,0.0,0.0,0.0,0.0,23.0

22/11/1998,04:16:40,HBV,0.0,0.0,0.0,0.0,23.0

22/11/1998,04:31:40,HBV,0.0,0.0,0.0,0.0,23.0

22/11/1998,04:46:40,HBV,0.0,0.0,0.0,0.0,23.0

22/11/1998,05:01:40,HBV,0.0,0.0,0.0,0.0,23.0

22/11/1998,05:16:40,HBV,0.0,0.0,0.0,0.0,23.0

22/11/1998,05:31:40,HBV,0.0,0.0,0.0,0.0,23.0

22/11/1998,05:46:40,HBV,0.0,0.0,0.0,0.0,23.0

22/11/1998,06:01:40,HBV,0.2,0.2,0.2,0.2,23.2

22/11/1998,06:16:40,HBV,0.0,0.2,0.2,0.2,23.2

22/11/1998,06:31:40,HBV,0.2,0.4,0.4,0.4,23.4

22/11/1998,06:46:40,HBV,0.5,0.9,0.9,0.9,23.9

22/11/1998,07:01:40,HBV,0.2,0.9,1.1,1.1,24.1

22/11/1998,07:16:40,HBV,0.2,1.1,1.3,1.3,24.3

22/11/1998,07:31:40,HBV,0.0,0.9,1.3,1.3,24.3

22/11/1998,07:46:40,HBV,0.2,0.6,1.5,1.5,24.5

22/11/1998,08:01:40,HBV,0.0,0.4,1.5,1.5,24.5

22/11/1998,08:16:40,HBV,0.0,0.2,1.5,1.5,24.5

22/11/1998,08:31:40,HBV,0.2,0.4,1.7,1.7,24.7

22/11/1998,08:46:40,HBV,0.0,0.2,1.7,1.7,24.7

22/11/1998,09:01:40,HBV,0.0,0.2,1.7,1.7,24.7

22/11/1998,09:16:40,HBV,0.0,0.2,1.7,1.7,24.7

22/11/1998,09:31:40,HBV,0.0,0.0,1.7,1.7,24.7

22/11/1998,09:46:40,HBV,0.0,0.0,1.7,1.7,24.7

22/11/1998,10:01:40,HBV,0.0,0.0,1.5,1.7,24.7

22/11/1998,10:16:40,HBV,0.0,0.0,1.5,1.7,24.7

22/11/1998,10:31:40,HBV,0.0,0.0,1.3,1.7,24.7

22/11/1998,10:46:40,HBV,0.0,0.0,0.8,1.7,24.7

22/11/1998,11:01:40,HBV,0.0,0.0,0.6,1.7,24.7

22/11/1998,11:16:40,HBV,0.0,0.0,0.4,1.7,24.7

22/11/1998,11:31:40,HBV,0.0,0.0,0.4,1.7,24.7

22/11/1998,11:46:40,HBV,0.0,0.0,0.2,1.7,24.7

22/11/1998,12:01:40,HBV,0.0,0.0,0.2,1.7,24.7

22/11/1998,12:16:40,HBV,0.0,0.0,0.2,1.7,24.7

22/11/1998,12:31:40,HBV,0.0,0.0,0.0,1.7,24.7

22/11/1998,12:46:40,HBV,0.0,0.0,0.0,1.7,24.7

22/11/1998,13:01:40,HBV,0.0,0.0,0.0,1.7,24.7

22/11/1998,13:16:40,HBV,0.0,0.0,0.0,1.7,24.7

22/11/1998,13:31:40,HBV,0.0,0.0,0.0,1.7,24.7

22/11/1998,13:46:40,HBV,0.0,0.0,0.0,1.7,24.7

22/11/1998,14:01:40,HBV,0.0,0.0,0.0,1.7,24.7

22/11/1998,14:16:40,HBV,0.0,0.0,0.0,1.7,24.7

22/11/1998,14:31:40,HBV,0.0,0.0,0.0,1.7,24.7

22/11/1998,14:46:40,HBV,0.0,0.0,0.0,1.7,24.7

22/11/1998,15:01:40,HBV,0.0,0.0,0.0,1.7,24.7

22/11/1998,15:16:40,HBV,0.0,0.0,0.0,1.7,24.7

22/11/1998,15:31:40,HBV,0.0,0.0,0.0,1.7,24.7

22/11/1998,15:46:40,HBV,0.0,0.0,0.0,1.7,24.7

22/11/1998,16:01:40,HBV,0.0,0.0,0.0,1.7,24.7

22/11/1998,16:16:40,HBV,0.0,0.0,0.0,1.7,24.7

22/11/1998,16:31:40,HBV,0.0,0.0,0.0,1.7,24.7

22/11/1998,16:46:40,HBV,0.0,0.0,0.0,1.7,24.7

22/11/1998,17:01:40,HBV,0.0,0.0,0.0,1.7,24.7

22/11/1998,17:16:40,HBV,0.0,0.0,0.0,1.7,24.7

22/11/1998,17:31:40,HBV,0.0,0.0,0.0,1.7,24.7

22/11/1998,17:46:40,HBV,0.0,0.0,0.0,1.7,24.7

22/11/1998,18:01:40,HBV,0.0,0.0,0.0,1.7,24.7

22/11/1998,18:16:40,HBV,0.0,0.0,0.0,1.7,24.7

22/11/1998,18:31:40,HBV,0.0,0.0,0.0,1.7,24.7

22/11/1998,18:46:40,HBV,0.0,0.0,0.0,1.7,24.7

22/11/1998,19:01:40,HBV,0.2,0.2,0.2,1.9,24.9

22/11/1998,19:16:40,HBV,0.2,0.4,0.4,2.1,25.1

22/11/1998,19:31:40,HBV,0.0,0.4,0.4,2.1,25.1

22/11/1998,19:46:40,HBV,0.0,0.4,0.4,2.1,25.1

22/11/1998,20:01:40,HBV,0.0,0.2,0.4,2.1,25.1

22/11/1998,20:16:40,HBV,0.0,0.0,0.4,2.1,25.1

22/11/1998,20:31:40,HBV,0.0,0.0,0.4,2.1,25.1

22/11/1998,20:46:40,HBV,0.0,0.0,0.4,2.1,24.9

22/11/1998,21:01:40,HBV,0.0,0.0,0.4,2.1,22.7

22/11/1998,21:16:40,HBV,0.0,0.0,0.4,2.1,21.5

22/11/1998,21:31:40,HBV,0.2,0.2,0.6,2.3,20.7

22/11/1998,21:46:40,HBV,0.0,0.2,0.6,2.3,20.0

22/11/1998,22:01:40,HBV,0.2,0.4,0.8,2.5,19.5

22/11/1998,22:16:40,HBV,0.2,0.6,1.0,2.7,18.7

22/11/1998,22:31:40,HBV,0.0,0.4,1.0,2.7,18.2

22/11/1998,22:46:40,HBV,0.5,0.9,1.5,3.2,18.7

22/11/1998,23:01:40,HBV,0.0,0.7,1.3,3.2,18.5

22/11/1998,23:16:40,HBV,0.0,0.5,1.1,3.2,18.3

22/11/1998,23:31:40,HBV,0.0,0.5,1.1,3.2,18.3

22/11/1998,23:46:40,HBV,0.0,0.0,1.1,3.2,18.3

23/11/1998,00:01:40,HBV,0.0,0.0,1.1,3.2,18.3

23/11/1998,00:16:40,HBV,0.0,0.0,1.1,3.2,18.3

23/11/1998,00:31:40,HBV,0.0,0.0,1.1,3.2,18.3

23/11/1998,00:46:40,HBV,0.2,0.2,1.3,3.4,18.5

23/11/1998,01:01:40,HBV,0.0,0.2,1.3,3.4,18.5

23/11/1998,01:16:40,HBV,0.0,0.2,1.3,3.4,18.5

23/11/1998,01:31:40,HBV,0.0,0.2,1.1,3.4,18.5

23/11/1998,01:46:40,HBV,0.0,0.0,1.1,3.4,18.5

23/11/1998,02:01:40,HBV,0.0,0.0,0.9,3.4,18.5

23/11/1998,02:16:40,HBV,0.0,0.0,0.7,3.4,18.5

23/11/1998,02:31:40,HBV,0.0,0.0,0.7,3.4,18.5

23/11/1998,02:46:40,HBV,0.0,0.0,0.2,3.4,18.5

23/11/1998,03:01:40,HBV,0.0,0.0,0.2,3.4,18.5

23/11/1998,03:16:40,HBV,0.0,0.0,0.2,3.4,18.5

23/11/1998,03:31:40,HBV,0.0,0.0,0.2,3.4,18.5

23/11/1998,03:46:40,HBV,0.0,0.0,0.2,3.4,18.5

23/11/1998,04:01:40,HBV,0.0,0.0,0.2,3.4,18.5

23/11/1998,04:16:40,HBV,0.0,0.0,0.2,3.4,18.5

23/11/1998,04:31:40,HBV,0.0,0.0,0.2,3.4,18.5

23/11/1998,04:46:40,HBV,0.0,0.0,0.0,3.4,18.5

23/11/1998,05:01:40,HBV,0.0,0.0,0.0,3.4,18.5

23/11/1998,05:16:40,HBV,0.0,0.0,0.0,3.4,18.5

23/11/1998,05:31:40,HBV,0.0,0.0,0.0,3.4,18.5

23/11/1998,05:46:40,HBV,0.0,0.0,0.0,3.4,18.5

23/11/1998,06:01:40,HBV,0.0,0.0,0.0,3.2,18.5

23/11/1998,06:16:40,HBV,0.0,0.0,0.0,3.2,18.5

23/11/1998,06:31:40,HBV,0.0,0.0,0.0,3.0,18.5

23/11/1998,06:46:40,HBV,0.0,0.0,0.0,2.5,18.5

23/11/1998,07:01:40,HBV,0.0,0.0,0.0,2.3,18.5

23/11/1998,07:16:40,HBV,0.0,0.0,0.0,2.1,18.5

23/11/1998,07:31:40,HBV,0.0,0.0,0.0,2.1,18.5

23/11/1998,07:46:40,HBV,0.0,0.0,0.0,1.9,18.5

23/11/1998,08:01:40,HBV,0.0,0.0,0.0,1.9,18.5

23/11/1998,08:16:40,HBV,0.0,0.0,0.0,1.9,18.5

23/11/1998,08:31:40,HBV,0.0,0.0,0.0,1.7,18.5

23/11/1998,08:46:40,HBV,0.0,0.0,0.0,1.7,18.5

23/11/1998,09:01:40,HBV,0.0,0.0,0.0,1.7,18.5

23/11/1998,09:16:40,HBV,0.0,0.0,0.0,1.7,18.5

23/11/1998,09:31:40,HBV,0.0,0.0,0.0,1.7,18.5

23/11/1998,09:46:40,HBV,0.0,0.0,0.0,1.7,18.5

23/11/1998,10:01:40,HBV,0.0,0.0,0.0,1.7,18.3

23/11/1998,10:16:40,HBV,0.0,0.0,0.0,1.7,17.6

23/11/1998,10:31:40,HBV,0.0,0.0,0.0,1.7,16.9

23/11/1998,10:46:40,HBV,0.0,0.0,0.0,1.7,16.7

23/11/1998,11:01:40,HBV,0.0,0.0,0.0,1.7,16.5

23/11/1998,11:16:40,HBV,0.0,0.0,0.0,1.7,16.0

23/11/1998,11:31:40,HBV,0.0,0.0,0.0,1.7,16.0

23/11/1998,11:46:40,HBV,0.0,0.0,0.0,1.7,15.8

23/11/1998,12:01:40,HBV,0.0,0.0,0.0,1.7,15.6

23/11/1998,12:16:40,HBV,0.0,0.0,0.0,1.7,15.6

23/11/1998,12:31:40,HBV,0.0,0.0,0.0,1.7,15.4

23/11/1998,12:46:40,HBV,0.0,0.0,0.0,1.7,15.4

23/11/1998,13:01:40,HBV,0.0,0.0,0.0,1.7,15.2

23/11/1998,13:16:40,HBV,0.0,0.0,0.0,1.7,15.2

23/11/1998,13:31:40,HBV,0.0,0.0,0.0,1.7,15.0

23/11/1998,13:46:40,HBV,0.0,0.0,0.0,1.7,15.0

23/11/1998,14:01:40,HBV,0.0,0.0,0.0,1.7,14.8

23/11/1998,14:16:40,HBV,0.0,0.0,0.0,1.7,14.8

23/11/1998,14:31:40,HBV,0.0,0.0,0.0,1.7,14.6

23/11/1998,14:46:40,HBV,0.0,0.0,0.0,1.7,14.4

23/11/1998,15:01:40,HBV,0.0,0.0,0.0,1.7,14.4

23/11/1998,15:16:40,HBV,0.0,0.0,0.0,1.7,14.2

23/11/1998,15:31:40,HBV,0.0,0.0,0.0,1.7,14.2

23/11/1998,15:46:40,HBV,0.0,0.0,0.0,1.7,14.0

23/11/1998,16:01:40,HBV,0.0,0.0,0.0,1.7,13.5

23/11/1998,16:16:40,HBV,0.0,0.0,0.0,1.7,13.5

23/11/1998,16:31:40,HBV,0.0,0.0,0.0,1.7,13.5

23/11/1998,16:46:40,HBV,0.0,0.0,0.0,1.7,13.3

23/11/1998,17:01:40,HBV,0.0,0.0,0.0,1.7,13.1

23/11/1998,17:16:40,HBV,0.0,0.0,0.0,1.7,13.1

23/11/1998,17:31:40,HBV,0.0,0.0,0.0,1.7,12.9

23/11/1998,17:46:40,HBV,0.0,0.0,0.0,1.7,12.9

23/11/1998,18:01:40,HBV,0.0,0.0,0.0,1.7,12.7

23/11/1998,18:16:40,HBV,0.0,0.0,0.0,1.7,12.7

23/11/1998,18:31:40,HBV,0.0,0.0,0.0,1.7,12.7

23/11/1998,18:46:40,HBV,0.0,0.0,0.0,1.7,12.7

23/11/1998,19:01:40,HBV,0.0,0.0,0.0,1.5,12.5

23/11/1998,19:16:40,HBV,0.0,0.0,0.0,1.3,11.8

23/11/1998,19:31:40,HBV,0.0,0.0,0.0,1.3,11.8

23/11/1998,19:46:40,HBV,0.0,0.0,0.0,1.3,11.6

23/11/1998,20:01:40,HBV,0.0,0.0,0.0,1.3,11.4

23/11/1998,20:16:40,HBV,0.0,0.0,0.0,1.3,10.9

23/11/1998,20:31:40,HBV,0.0,0.0,0.0,1.3,10.7

23/11/1998,20:46:40,HBV,0.0,0.0,0.0,1.3,10.2

23/11/1998,21:01:40,HBV,0.0,0.0,0.0,1.3,10.0

23/11/1998,21:16:40,HBV,0.0,0.0,0.0,1.3,9.3

23/11/1998,21:31:40,HBV,0.0,0.0,0.0,1.1,9.1

23/11/1998,21:46:40,HBV,0.0,0.0,0.0,1.1,8.9

23/11/1998,22:01:40,HBV,0.0,0.0,0.0,0.9,8.7

23/11/1998,22:16:40,HBV,0.0,0.0,0.0,0.7,8.5

23/11/1998,22:31:40,HBV,0.0,0.0,0.0,0.7,7.5

23/11/1998,22:46:40,HBV,0.0,0.0,0.0,0.2,7.3

23/11/1998,23:01:40,HBV,0.0,0.0,0.0,0.2,7.1

23/11/1998,23:16:40,HBV,0.0,0.0,0.0,0.2,6.6

23/11/1998,23:31:40,HBV,0.0,0.0,0.0,0.2,6.6

23/11/1998,23:46:40,HBV,0.0,0.0,0.0,0.2,6.6

24/11/1998,00:01:40,HBV,0.0,0.0,0.0,0.2,6.6

24/11/1998,00:16:40,HBV,0.0,0.0,0.0,0.2,6.6

24/11/1998,00:31:40,HBV,0.0,0.0,0.0,0.2,6.6

24/11/1998,00:46:40,HBV,0.0,0.0,0.0,0.0,6.6

24/11/1998,01:01:40,HBV,0.0,0.0,0.0,0.0,6.6

24/11/1998,01:16:40,HBV,0.0,0.0,0.0,0.0,6.6

24/11/1998,01:31:40,HBV,0.0,0.0,0.0,0.0,6.6

24/11/1998,01:46:40,HBV,0.0,0.0,0.0,0.0,6.6

24/11/1998,02:01:40,HBV,0.0,0.0,0.0,0.0,6.6

24/11/1998,02:16:40,HBV,0.0,0.0,0.0,0.0,6.6

24/11/1998,02:31:40,HBV,0.0,0.0,0.0,0.0,6.4

24/11/1998,02:46:40,HBV,0.0,0.0,0.0,0.0,6.4

24/11/1998,03:01:40,HBV,0.0,0.0,0.0,0.0,6.4

24/11/1998,03:16:40,HBV,0.0,0.0,0.0,0.0,6.4

24/11/1998,03:31:40,HBV,0.0,0.0,0.0,0.0,6.4

24/11/1998,03:46:40,HBV,0.0,0.0,0.0,0.0,6.4

24/11/1998,04:01:40,HBV,0.0,0.0,0.0,0.0,6.4

24/11/1998,04:16:40,HBV,0.0,0.0,0.0,0.0,6.4

24/11/1998,04:31:40,HBV,0.0,0.0,0.0,0.0,6.4

24/11/1998,04:46:40,HBV,0.0,0.0,0.0,0.0,6.4

24/11/1998,05:01:40,HBV,0.0,0.0,0.0,0.0,6.4

24/11/1998,05:16:40,HBV,0.0,0.0,0.0,0.0,6.4

24/11/1998,05:31:40,HBV,0.0,0.0,0.0,0.0,6.4

24/11/1998,05:46:40,HBV,0.0,0.0,0.0,0.0,6.4

24/11/1998,06:01:40,HBV,0.0,0.0,0.0,0.0,6.4

24/11/1998,06:16:40,HBV,0.0,0.0,0.0,0.0,6.2

24/11/1998,06:31:40,HBV,0.0,0.0,0.0,0.0,6.2

24/11/1998,06:46:40,HBV,0.0,0.0,0.0,0.0,6.2

24/11/1998,07:01:40,HBV,0.0,0.0,0.0,0.0,6.2

24/11/1998,07:16:40,HBV,0.0,0.0,0.0,0.0,6.0

24/11/1998,07:31:40,HBV,0.0,0.0,0.0,0.0,5.8

24/11/1998,07:46:40,HBV,0.0,0.0,0.0,0.0,5.6

24/11/1998,08:01:40,HBV,0.0,0.0,0.0,0.0,5.6

24/11/1998,08:16:40,HBV,0.0,0.0,0.0,0.0,5.4

24/11/1998,08:31:40,HBV,0.0,0.0,0.0,0.0,5.2

24/11/1998,08:46:40,HBV,0.0,0.0,0.0,0.0,5.2

24/11/1998,09:01:40,HBV,0.0,0.0,0.0,0.0,5.0

24/11/1998,09:16:40,HBV,0.0,0.0,0.0,0.0,5.0

24/11/1998,09:31:40,HBV,0.0,0.0,0.0,0.0,5.0

24/11/1998,09:46:40,HBV,0.0,0.0,0.0,0.0,5.0

24/11/1998,10:01:40,HBV,0.0,0.0,0.0,0.0,5.0

24/11/1998,10:16:40,HBV,0.0,0.0,0.0,0.0,4.8

24/11/1998,10:31:40,HBV,0.0,0.0,0.0,0.0,4.3

24/11/1998,10:46:40,HBV,0.0,0.0,0.0,0.0,4.1

24/11/1998,11:01:40,HBV,0.0,0.0,0.0,0.0,3.4

24/11/1998,11:16:40,HBV,0.0,0.0,0.0,0.0,3.4

24/11/1998,11:31:40,HBV,0.0,0.0,0.0,0.0,3.4

24/11/1998,11:46:40,HBV,0.0,0.0,0.0,0.0,3.4

24/11/1998,12:01:40,HBV,0.0,0.0,0.0,0.0,3.4

24/11/1998,12:16:40,HBV,0.0,0.0,0.0,0.0,3.4

24/11/1998,12:31:40,HBV,0.0,0.0,0.0,0.0,3.4

24/11/1998,12:46:40,HBV,0.0,0.0,0.0,0.0,3.4

24/11/1998,13:01:40,HBV,0.0,0.0,0.0,0.0,3.4

24/11/1998,13:16:40,HBV,0.0,0.0,0.0,0.0,3.4

24/11/1998,13:31:40,HBV,0.0,0.0,0.0,0.0,3.4

24/11/1998,13:46:40,HBV,0.0,0.0,0.0,0.0,3.4

24/11/1998,14:01:40,HBV,0.0,0.0,0.0,0.0,3.4

24/11/1998,14:16:40,HBV,0.0,0.0,0.0,0.0,3.4

24/11/1998,14:31:40,HBV,0.0,0.0,0.0,0.0,3.4

24/11/1998,14:46:40,HBV,0.0,0.0,0.0,0.0,3.4

24/11/1998,15:01:40,HBV,0.0,0.0,0.0,0.0,3.4

24/11/1998,15:16:40,HBV,0.0,0.0,0.0,0.0,3.4

24/11/1998,15:31:40,HBV,0.0,0.0,0.0,0.0,3.4

24/11/1998,15:46:40,HBV,0.0,0.0,0.0,0.0,3.4

24/11/1998,16:01:40,HBV,0.0,0.0,0.0,0.0,3.4

24/11/1998,16:16:40,HBV,0.0,0.0,0.0,0.0,3.4

24/11/1998,16:31:40,HBV,0.0,0.0,0.0,0.0,3.4

24/11/1998,16:46:40,HBV,0.0,0.0,0.0,0.0,3.4

24/11/1998,17:01:40,HBV,0.0,0.0,0.0,0.0,3.4

24/11/1998,17:16:40,HBV,0.0,0.0,0.0,0.0,3.4

24/11/1998,17:31:40,HBV,0.0,0.0,0.0,0.0,3.4

24/11/1998,17:46:40,HBV,0.0,0.0,0.0,0.0,3.4

24/11/1998,18:01:40,HBV,0.0,0.0,0.0,0.0,3.4

24/11/1998,18:16:40,HBV,0.0,0.0,0.0,0.0,3.4

24/11/1998,18:31:40,HBV,0.0,0.0,0.0,0.0,3.4

24/11/1998,18:46:40,HBV,0.0,0.0,0.0,0.0,3.4

24/11/1998,19:01:40,HBV,0.0,0.0,0.0,0.0,3.4

24/11/1998,19:16:40,HBV,0.0,0.0,0.0,0.0,3.4

24/11/1998,19:31:40,HBV,0.0,0.0,0.0,0.0,3.4

24/11/1998,19:46:40,HBV,0.0,0.0,0.0,0.0,3.4

24/11/1998,20:01:40,HBV,0.0,0.0,0.0,0.0,3.4

24/11/1998,20:16:40,HBV,0.0,0.0,0.0,0.0,3.4

24/11/1998,20:31:40,HBV,0.0,0.0,0.0,0.0,3.4

24/11/1998,20:46:40,HBV,0.0,0.0,0.0,0.0,3.4

24/11/1998,21:01:40,HBV,0.0,0.0,0.0,0.0,3.4

24/11/1998,21:16:40,HBV,0.0,0.0,0.0,0.0,3.4

24/11/1998,21:31:40,HBV,0.0,0.0,0.0,0.0,3.4

24/11/1998,21:46:40,HBV,0.0,0.0,0.0,0.0,3.4

24/11/1998,22:01:40,HBV,0.0,0.0,0.0,0.0,3.4

24/11/1998,22:16:40,HBV,0.0,0.0,0.0,0.0,3.4

24/11/1998,22:31:40,HBV,0.0,0.0,0.0,0.0,3.4

24/11/1998,22:46:40,HBV,0.0,0.0,0.0,0.0,3.4

24/11/1998,23:01:40,HBV,0.0,0.0,0.0,0.0,3.4

24/11/1998,23:16:40,HBV,0.0,0.0,0.0,0.0,3.4

24/11/1998,23:31:40,HBV,0.0,0.0,0.0,0.0,3.4

24/11/1998,23:46:40,HBV,0.0,0.0,0.0,0.0,3.4

25/11/1998,00:01:40,HBV,0.0,0.0,0.0,0.0,3.4

25/11/1998,00:16:40,HBV,0.0,0.0,0.0,0.0,3.4

25/11/1998,00:31:40,HBV,0.0,0.0,0.0,0.0,3.4

25/11/1998,00:46:40,HBV,0.0,0.0,0.0,0.0,3.4

25/11/1998,01:01:40,HBV,0.0,0.0,0.0,0.0,3.4

25/11/1998,01:16:40,HBV,0.0,0.0,0.0,0.0,3.4

25/11/1998,01:31:40,HBV,0.0,0.0,0.0,0.0,3.4

25/11/1998,01:46:40,HBV,0.0,0.0,0.0,0.0,3.4

25/11/1998,02:01:40,HBV,0.0,0.0,0.0,0.0,3.4

25/11/1998,02:16:40,HBV,0.0,0.0,0.0,0.0,3.4

25/11/1998,02:31:40,HBV,0.0,0.0,0.0,0.0,3.4

25/11/1998,02:46:40,HBV,0.0,0.0,0.0,0.0,3.4

25/11/1998,03:01:40,HBV,0.0,0.0,0.0,0.0,3.4

25/11/1998,03:16:40,HBV,0.0,0.0,0.0,0.0,3.4

25/11/1998,03:31:40,HBV,0.0,0.0,0.0,0.0,3.4

25/11/1998,03:46:40,HBV,0.0,0.0,0.0,0.0,3.4

25/11/1998,04:01:40,HBV,0.0,0.0,0.0,0.0,3.4

25/11/1998,04:16:40,HBV,0.0,0.0,0.0,0.0,3.4

25/11/1998,04:31:40,HBV,0.0,0.0,0.0,0.0,3.4

25/11/1998,04:46:40,HBV,0.0,0.0,0.0,0.0,3.4

25/11/1998,05:01:40,HBV,0.0,0.0,0.0,0.0,3.4

25/11/1998,05:16:40,HBV,0.0,0.0,0.0,0.0,3.4

25/11/1998,05:31:40,HBV,0.0,0.0,0.0,0.0,3.4

25/11/1998,05:46:40,HBV,0.0,0.0,0.0,0.0,3.4

25/11/1998,06:01:40,HBV,0.0,0.0,0.0,0.0,3.4

25/11/1998,06:16:40,HBV,0.0,0.0,0.0,0.0,3.4

25/11/1998,06:31:40,HBV,0.0,0.0,0.0,0.0,3.4

25/11/1998,06:46:40,HBV,0.0,0.0,0.0,0.0,3.4

25/11/1998,07:01:40,HBV,0.0,0.0,0.0,0.0,3.4

25/11/1998,07:16:40,HBV,0.0,0.0,0.0,0.0,3.4

25/11/1998,07:31:40,HBV,0.0,0.0,0.0,0.0,3.4

25/11/1998,07:46:40,HBV,0.0,0.0,0.0,0.0,3.4

25/11/1998,08:01:40,HBV,0.0,0.0,0.0,0.0,3.4

25/11/1998,08:16:40,HBV,0.0,0.0,0.0,0.0,3.4

25/11/1998,08:31:40,HBV,0.0,0.0,0.0,0.0,3.4

25/11/1998,08:46:40,HBV,0.0,0.0,0.0,0.0,3.4

25/11/1998,09:01:40,HBV,0.0,0.0,0.0,0.0,3.4

25/11/1998,09:16:40,HBV,0.0,0.0,0.0,0.0,3.4

25/11/1998,09:31:40,HBV,0.0,0.0,0.0,0.0,3.4

25/11/1998,09:46:40,HBV,0.0,0.0,0.0,0.0,3.4

25/11/1998,10:01:40,HBV,0.0,0.0,0.0,0.0,3.4

25/11/1998,10:16:40,HBV,0.0,0.0,0.0,0.0,3.4

25/11/1998,10:31:40,HBV,0.0,0.0,0.0,0.0,3.4

25/11/1998,10:46:40,HBV,0.0,0.0,0.0,0.0,3.4

25/11/1998,11:01:40,HBV,0.0,0.0,0.0,0.0,3.4

25/11/1998,11:16:40,HBV,0.0,0.0,0.0,0.0,3.4

25/11/1998,11:31:40,HBV,0.0,0.0,0.0,0.0,3.4

25/11/1998,11:46:40,HBV,0.0,0.0,0.0,0.0,3.4

25/11/1998,12:01:40,HBV,0.0,0.0,0.0,0.0,3.4

25/11/1998,12:16:40,HBV,0.0,0.0,0.0,0.0,3.4

25/11/1998,12:31:40,HBV,0.0,0.0,0.0,0.0,3.4

25/11/1998,12:46:40,HBV,0.0,0.0,0.0,0.0,3.4

25/11/1998,13:01:40,HBV,0.0,0.0,0.0,0.0,3.4

25/11/1998,13:16:40,HBV,0.0,0.0,0.0,0.0,3.4

25/11/1998,13:31:40,HBV,0.0,0.0,0.0,0.0,3.4

25/11/1998,13:46:40,HBV,0.0,0.0,0.0,0.0,3.4

25/11/1998,14:01:40,HBV,0.0,0.0,0.0,0.0,3.4

25/11/1998,14:16:40,HBV,0.0,0.0,0.0,0.0,3.4

25/11/1998,14:31:40,HBV,0.0,0.0,0.0,0.0,3.4

25/11/1998,14:46:40,HBV,0.0,0.0,0.0,0.0,3.4

25/11/1998,15:01:40,HBV,0.0,0.0,0.0,0.0,3.4

25/11/1998,15:16:40,HBV,0.0,0.0,0.0,0.0,3.4

25/11/1998,15:31:40,HBV,0.0,0.0,0.0,0.0,3.4

25/11/1998,15:46:40,HBV,0.0,0.0,0.0,0.0,3.4

25/11/1998,16:01:40,HBV,0.0,0.0,0.0,0.0,3.4

25/11/1998,16:16:40,HBV,0.0,0.0,0.0,0.0,3.4

25/11/1998,16:31:40,HBV,0.0,0.0,0.0,0.0,3.4

25/11/1998,16:46:40,HBV,0.0,0.0,0.0,0.0,3.4

25/11/1998,17:01:40,HBV,0.0,0.0,0.0,0.0,3.4

25/11/1998,17:16:40,HBV,0.0,0.0,0.0,0.0,3.4

25/11/1998,17:31:40,HBV,0.0,0.0,0.0,0.0,3.4

25/11/1998,17:46:40,HBV,0.0,0.0,0.0,0.0,3.4

25/11/1998,18:01:40,HBV,0.0,0.0,0.0,0.0,3.4

25/11/1998,18:16:40,HBV,0.0,0.0,0.0,0.0,3.4

25/11/1998,18:31:40,HBV,0.0,0.0,0.0,0.0,3.4

25/11/1998,18:46:40,HBV,0.0,0.0,0.0,0.0,3.4

25/11/1998,19:01:40,HBV,0.0,0.0,0.0,0.0,3.4

25/11/1998,19:16:40,HBV,0.0,0.0,0.0,0.0,3.4

25/11/1998,19:31:40,HBV,0.0,0.0,0.0,0.0,3.4

25/11/1998,19:46:40,HBV,0.0,0.0,0.0,0.0,3.4

25/11/1998,20:01:40,HBV,0.0,0.0,0.0,0.0,3.4

25/11/1998,20:16:40,HBV,0.0,0.0,0.0,0.0,3.4

25/11/1998,20:31:40,HBV,0.0,0.0,0.0,0.0,3.4

25/11/1998,20:46:40,HBV,0.0,0.0,0.0,0.0,3.4

25/11/1998,21:01:40,HBV,0.0,0.0,0.0,0.0,3.4

25/11/1998,21:16:40,HBV,0.0,0.0,0.0,0.0,3.4

25/11/1998,21:31:40,HBV,0.0,0.0,0.0,0.0,3.4

25/11/1998,21:46:40,HBV,0.0,0.0,0.0,0.0,3.4

25/11/1998,22:01:40,HBV,0.0,0.0,0.0,0.0,3.4

25/11/1998,22:16:40,HBV,0.0,0.0,0.0,0.0,3.4

25/11/1998,22:31:40,HBV,0.0,0.0,0.0,0.0,3.4

25/11/1998,22:46:40,HBV,0.0,0.0,0.0,0.0,3.4

25/11/1998,23:01:40,HBV,0.0,0.0,0.0,0.0,3.4

25/11/1998,23:16:40,HBV,0.0,0.0,0.0,0.0,3.4

25/11/1998,23:31:40,HBV,0.0,0.0,0.0,0.0,3.4

25/11/1998,23:46:40,HBV,0.0,0.0,0.0,0.0,3.4

26/11/1998,00:01:40,HBV,0.0,0.0,0.0,0.0,3.4

26/11/1998,00:16:40,HBV,0.0,0.0,0.0,0.0,3.4

26/11/1998,00:31:40,HBV,0.0,0.0,0.0,0.0,3.4

26/11/1998,00:46:40,HBV,0.0,0.0,0.0,0.0,3.4

26/11/1998,01:01:40,HBV,0.0,0.0,0.0,0.0,3.4

26/11/1998,01:16:40,HBV,0.0,0.0,0.0,0.0,3.4

26/11/1998,01:31:40,HBV,0.0,0.0,0.0,0.0,3.4

26/11/1998,01:46:40,HBV,0.0,0.0,0.0,0.0,3.4

26/11/1998,02:01:40,HBV,0.0,0.0,0.0,0.0,3.4

26/11/1998,02:16:40,HBV,0.0,0.0,0.0,0.0,3.4

26/11/1998,02:31:40,HBV,0.0,0.0,0.0,0.0,3.4

26/11/1998,02:46:40,HBV,0.0,0.0,0.0,0.0,3.4

26/11/1998,03:01:40,HBV,0.0,0.0,0.0,0.0,3.4

26/11/1998,03:16:40,HBV,0.0,0.0,0.0,0.0,3.4

26/11/1998,03:31:40,HBV,0.0,0.0,0.0,0.0,3.4

26/11/1998,03:46:40,HBV,0.0,0.0,0.0,0.0,3.4

26/11/1998,04:01:40,HBV,0.0,0.0,0.0,0.0,3.4

26/11/1998,04:16:40,HBV,0.0,0.0,0.0,0.0,3.4

26/11/1998,04:31:40,HBV,0.0,0.0,0.0,0.0,3.4

26/11/1998,04:46:40,HBV,0.0,0.0,0.0,0.0,3.4

26/11/1998,05:01:40,HBV,0.0,0.0,0.0,0.0,3.4

26/11/1998,05:16:40,HBV,0.0,0.0,0.0,0.0,3.4

26/11/1998,05:31:40,HBV,0.0,0.0,0.0,0.0,3.4

26/11/1998,05:46:40,HBV,0.0,0.0,0.0,0.0,3.4

26/11/1998,06:01:40,HBV,0.0,0.0,0.0,0.0,3.2

26/11/1998,06:16:40,HBV,0.0,0.0,0.0,0.0,3.2

26/11/1998,06:31:40,HBV,0.0,0.0,0.0,0.0,3.0

26/11/1998,06:46:40,HBV,0.0,0.0,0.0,0.0,2.5

26/11/1998,07:01:40,HBV,0.0,0.0,0.0,0.0,2.3

26/11/1998,07:16:40,HBV,0.0,0.0,0.0,0.0,2.1

26/11/1998,07:31:40,HBV,0.0,0.0,0.0,0.0,2.1

26/11/1998,07:46:40,HBV,0.0,0.0,0.0,0.0,1.9

26/11/1998,08:01:40,HBV,0.0,0.0,0.0,0.0,1.9

26/11/1998,08:16:40,HBV,0.0,0.0,0.0,0.0,1.9

26/11/1998,08:31:40,HBV,0.0,0.0,0.0,0.0,1.7

26/11/1998,08:46:40,HBV,0.0,0.0,0.0,0.0,1.7

26/11/1998,09:01:40,HBV,0.0,0.0,0.0,0.0,1.7

26/11/1998,09:16:40,HBV,0.0,0.0,0.0,0.0,1.7

26/11/1998,09:31:40,HBV,0.0,0.0,0.0,0.0,1.7

26/11/1998,09:46:40,HBV,0.0,0.0,0.0,0.0,1.7

26/11/1998,10:01:40,HBV,0.0,0.0,0.0,0.0,1.7

26/11/1998,10:16:40,HBV,0.0,0.0,0.0,0.0,1.7

26/11/1998,10:31:40,HBV,0.0,0.0,0.0,0.0,1.7

26/11/1998,10:46:40,HBV,0.0,0.0,0.0,0.0,1.7

26/11/1998,11:01:40,HBV,0.0,0.0,0.0,0.0,1.7

26/11/1998,11:16:40,HBV,0.0,0.0,0.0,0.0,1.7

26/11/1998,11:31:40,HBV,0.0,0.0,0.0,0.0,1.7

26/11/1998,11:46:40,HBV,0.0,0.0,0.0,0.0,1.7

26/11/1998,12:01:40,HBV,0.0,0.0,0.0,0.0,1.7

26/11/1998,12:16:40,HBV,0.0,0.0,0.0,0.0,1.7

26/11/1998,12:31:40,HBV,0.0,0.0,0.0,0.0,1.7

26/11/1998,12:46:40,HBV,0.0,0.0,0.0,0.0,1.7

26/11/1998,13:01:40,HBV,0.0,0.0,0.0,0.0,1.7

26/11/1998,13:16:40,HBV,0.0,0.0,0.0,0.0,1.7

26/11/1998,13:31:40,HBV,0.0,0.0,0.0,0.0,1.7

26/11/1998,13:46:40,HBV,0.0,0.0,0.0,0.0,1.7

26/11/1998,14:01:40,HBV,0.0,0.0,0.0,0.0,1.7

26/11/1998,14:16:40,HBV,0.0,0.0,0.0,0.0,1.7

26/11/1998,14:31:40,HBV,0.0,0.0,0.0,0.0,1.7

26/11/1998,14:46:40,HBV,0.0,0.0,0.0,0.0,1.7

26/11/1998,15:01:40,HBV,0.0,0.0,0.0,0.0,1.7

26/11/1998,15:16:40,HBV,0.0,0.0,0.0,0.0,1.7

26/11/1998,15:31:40,HBV,0.0,0.0,0.0,0.0,1.7

26/11/1998,15:46:40,HBV,0.0,0.0,0.0,0.0,1.7

26/11/1998,16:01:40,HBV,0.0,0.0,0.0,0.0,1.7

26/11/1998,16:16:40,HBV,0.0,0.0,0.0,0.0,1.7

26/11/1998,16:31:40,HBV,0.0,0.0,0.0,0.0,1.7

26/11/1998,16:46:40,HBV,0.0,0.0,0.0,0.0,1.7

26/11/1998,17:01:40,HBV,0.0,0.0,0.0,0.0,1.7

26/11/1998,17:16:40,HBV,0.0,0.0,0.0,0.0,1.7

26/11/1998,17:31:40,HBV,0.0,0.0,0.0,0.0,1.7

26/11/1998,17:46:40,HBV,0.0,0.0,0.0,0.0,1.7

26/11/1998,18:01:40,HBV,0.0,0.0,0.0,0.0,1.7

26/11/1998,18:16:40,HBV,0.0,0.0,0.0,0.0,1.7

26/11/1998,18:31:40,HBV,0.0,0.0,0.0,0.0,1.7

26/11/1998,18:46:40,HBV,0.0,0.0,0.0,0.0,1.7

26/11/1998,19:01:40,HBV,0.0,0.0,0.0,0.0,1.5

26/11/1998,19:16:40,HBV,0.0,0.0,0.0,0.0,1.3

26/11/1998,19:31:40,HBV,0.0,0.0,0.0,0.0,1.3

26/11/1998,19:46:40,HBV,0.0,0.0,0.0,0.0,1.3

26/11/1998,20:01:40,HBV,0.0,0.0,0.0,0.0,1.3

26/11/1998,20:16:40,HBV,0.0,0.0,0.0,0.0,1.3

26/11/1998,20:31:40,HBV,0.0,0.0,0.0,0.0,1.3

26/11/1998,20:46:40,HBV,0.0,0.0,0.0,0.0,1.3

26/11/1998,21:01:40,HBV,0.0,0.0,0.0,0.0,1.3

26/11/1998,21:16:40,HBV,0.0,0.0,0.0,0.0,1.3

26/11/1998,21:31:40,HBV,0.0,0.0,0.0,0.0,1.1

26/11/1998,21:46:40,HBV,0.0,0.0,0.0,0.0,1.1

26/11/1998,22:01:40,HBV,0.0,0.0,0.0,0.0,0.9

26/11/1998,22:16:40,HBV,0.0,0.0,0.0,0.0,0.7

26/11/1998,22:31:40,HBV,0.0,0.0,0.0,0.0,0.7

26/11/1998,22:46:40,HBV,0.0,0.0,0.0,0.0,0.2

26/11/1998,23:01:40,HBV,0.0,0.0,0.0,0.0,0.2

26/11/1998,23:16:40,HBV,0.0,0.0,0.0,0.0,0.2

26/11/1998,23:31:40,HBV,0.0,0.0,0.0,0.0,0.2

26/11/1998,23:46:40,HBV,0.0,0.0,0.0,0.0,0.2

27/11/1998,00:01:40,HBV,0.0,0.0,0.0,0.0,0.2

27/11/1998,00:16:40,HBV,0.0,0.0,0.0,0.0,0.2

27/11/1998,00:31:40,HBV,0.0,0.0,0.0,0.0,0.2

27/11/1998,00:46:40,HBV,0.0,0.0,0.0,0.0,0.0

27/11/1998,01:01:40,HBV,0.0,0.0,0.0,0.0,0.0

27/11/1998,01:16:40,HBV,0.0,0.0,0.0,0.0,0.0

27/11/1998,01:31:40,HBV,0.0,0.0,0.0,0.0,0.0

27/11/1998,01:46:40,HBV,0.0,0.0,0.0,0.0,0.0

27/11/1998,02:01:40,HBV,0.0,0.0,0.0,0.0,0.0

27/11/1998,02:16:40,HBV,0.0,0.0,0.0,0.0,0.0

27/11/1998,02:31:40,HBV,0.2,0.2,0.2,0.2,0.2

27/11/1998,02:46:40,HBV,0.0,0.2,0.2,0.2,0.2

27/11/1998,03:01:40,HBV,0.0,0.2,0.2,0.2,0.2

27/11/1998,03:16:40,HBV,0.0,0.2,0.2,0.2,0.2

27/11/1998,03:31:40,HBV,0.0,0.0,0.2,0.2,0.2

27/11/1998,03:46:40,HBV,0.0,0.0,0.2,0.2,0.2

27/11/1998,04:01:40,HBV,0.0,0.0,0.2,0.2,0.2

27/11/1998,04:16:40,HBV,0.0,0.0,0.2,0.2,0.2

27/11/1998,04:31:40,HBV,0.0,0.0,0.2,0.2,0.2

27/11/1998,04:46:40,HBV,0.0,0.0,0.2,0.2,0.2

27/11/1998,05:01:40,HBV,0.0,0.0,0.2,0.2,0.2

27/11/1998,05:16:40,HBV,0.2,0.2,0.4,0.4,0.4

27/11/1998,05:31:40,HBV,0.0,0.2,0.4,0.4,0.4

27/11/1998,05:46:40,HBV,0.0,0.2,0.4,0.4,0.4

27/11/1998,06:01:40,HBV,0.0,0.2,0.4,0.4,0.4

27/11/1998,06:16:40,HBV,0.0,0.0,0.4,0.4,0.4

27/11/1998,06:31:40,HBV,0.0,0.0,0.2,0.4,0.4

27/11/1998,06:46:40,HBV,0.0,0.0,0.2,0.4,0.4

27/11/1998,07:01:40,HBV,0.0,0.0,0.2,0.4,0.4

27/11/1998,07:16:40,HBV,0.0,0.0,0.2,0.4,0.4

27/11/1998,07:31:40,HBV,0.0,0.0,0.2,0.4,0.4

27/11/1998,07:46:40,HBV,0.0,0.0,0.2,0.4,0.4

27/11/1998,08:01:40,HBV,0.0,0.0,0.2,0.4,0.4

27/11/1998,08:16:40,HBV,0.0,0.0,0.2,0.4,0.4

27/11/1998,08:31:40,HBV,0.0,0.0,0.2,0.4,0.4

27/11/1998,08:46:40,HBV,0.2,0.2,0.4,0.6,0.6

27/11/1998,09:01:40,HBV,0.5,0.7,0.9,1.1,1.1

27/11/1998,09:16:40,HBV,0.0,0.7,0.7,1.1,1.1

27/11/1998,09:31:40,HBV,0.0,0.7,0.7,1.1,1.1

27/11/1998,09:46:40,HBV,0.0,0.5,0.7,1.1,1.1

27/11/1998,10:01:40,HBV,0.0,0.0,0.7,1.1,1.1

27/11/1998,10:16:40,HBV,0.0,0.0,0.7,1.1,1.1

27/11/1998,10:31:40,HBV,0.0,0.0,0.7,1.1,1.1

27/11/1998,10:46:40,HBV,0.0,0.0,0.7,1.1,1.1

27/11/1998,11:01:40,HBV,0.0,0.0,0.7,1.1,1.1

27/11/1998,11:16:40,HBV,0.0,0.0,0.7,1.1,1.1

27/11/1998,11:31:40,HBV,0.0,0.0,0.7,1.1,1.1

27/11/1998,11:46:40,HBV,0.0,0.0,0.7,1.1,1.1

27/11/1998,12:01:40,HBV,0.0,0.0,0.7,1.1,1.1

27/11/1998,12:16:40,HBV,0.0,0.0,0.7,1.1,1.1

27/11/1998,12:31:40,HBV,0.0,0.0,0.7,1.1,1.1

27/11/1998,12:46:40,HBV,0.0,0.0,0.5,1.1,1.1

27/11/1998,13:01:40,HBV,0.0,0.0,0.0,1.1,1.1

27/11/1998,13:16:40,HBV,0.0,0.0,0.0,1.1,1.1

27/11/1998,13:31:40,HBV,0.0,0.0,0.0,1.1,1.1

27/11/1998,13:46:40,HBV,0.0,0.0,0.0,1.1,1.1

27/11/1998,14:01:40,HBV,0.0,0.0,0.0,1.1,1.1

27/11/1998,14:16:40,HBV,0.0,0.0,0.0,1.1,1.1

27/11/1998,14:31:40,HBV,0.0,0.0,0.0,1.1,1.1

27/11/1998,14:46:40,HBV,0.0,0.0,0.0,1.1,1.1

27/11/1998,15:01:40,HBV,0.0,0.0,0.0,1.1,1.1

27/11/1998,15:16:40,HBV,0.0,0.0,0.0,1.1,1.1

27/11/1998,15:31:40,HBV,0.0,0.0,0.0,1.1,1.1

27/11/1998,15:46:40,HBV,0.0,0.0,0.0,1.1,1.1

27/11/1998,16:01:40,HBV,0.0,0.0,0.0,1.1,1.1

27/11/1998,16:16:40,HBV,0.0,0.0,0.0,1.1,1.1

27/11/1998,16:31:40,HBV,0.0,0.0,0.0,1.1,1.1

27/11/1998,16:46:40,HBV,0.0,0.0,0.0,1.1,1.1

27/11/1998,17:01:40,HBV,0.0,0.0,0.0,1.1,1.1

27/11/1998,17:16:40,HBV,0.0,0.0,0.0,1.1,1.1

27/11/1998,17:31:40,HBV,0.0,0.0,0.0,1.1,1.1

27/11/1998,17:46:40,HBV,0.0,0.0,0.0,1.1,1.1

27/11/1998,18:01:40,HBV,0.0,0.0,0.0,1.1,1.1

27/11/1998,18:16:40,HBV,0.0,0.0,0.0,1.1,1.1

27/11/1998,18:31:40,HBV,0.0,0.0,0.0,1.1,1.1

27/11/1998,18:46:40,HBV,0.0,0.0,0.0,1.1,1.1

27/11/1998,19:01:40,HBV,0.0,0.0,0.0,1.1,1.1

27/11/1998,19:16:40,HBV,0.0,0.0,0.0,1.1,1.1

27/11/1998,19:31:40,HBV,0.0,0.0,0.0,1.1,1.1

27/11/1998,19:46:40,HBV,0.0,0.0,0.0,1.1,1.1

27/11/1998,20:01:40,HBV,0.0,0.0,0.0,1.1,1.1

27/11/1998,20:16:40,HBV,0.0,0.0,0.0,1.1,1.1

27/11/1998,20:31:40,HBV,0.0,0.0,0.0,1.1,1.1

27/11/1998,20:46:40,HBV,0.0,0.0,0.0,1.1,1.1

27/11/1998,21:01:40,HBV,0.0,0.0,0.0,1.1,1.1

27/11/1998,21:16:40,HBV,0.0,0.0,0.0,1.1,1.1

27/11/1998,21:31:40,HBV,0.0,0.0,0.0,1.1,1.1

27/11/1998,21:46:40,HBV,0.0,0.0,0.0,1.1,1.1

27/11/1998,22:01:40,HBV,0.0,0.0,0.0,1.1,1.1

27/11/1998,22:16:40,HBV,0.0,0.0,0.0,1.1,1.1

27/11/1998,22:31:40,HBV,0.0,0.0,0.0,1.1,1.1

27/11/1998,22:46:40,HBV,0.0,0.0,0.0,1.1,1.1

27/11/1998,23:01:40,HBV,0.0,0.0,0.0,1.1,1.1

27/11/1998,23:16:40,HBV,0.0,0.0,0.0,1.1,1.1

27/11/1998,23:31:40,HBV,0.0,0.0,0.0,1.1,1.1

27/11/1998,23:46:40,HBV,0.0,0.0,0.0,1.1,1.1

28/11/1998,00:01:40,HBV,0.0,0.0,0.0,1.1,1.1

28/11/1998,00:16:40,HBV,0.0,0.0,0.0,1.1,1.1

28/11/1998,00:31:40,HBV,0.0,0.0,0.0,1.1,1.1

28/11/1998,00:46:40,HBV,0.0,0.0,0.0,1.1,1.1

28/11/1998,01:01:40,HBV,0.0,0.0,0.0,1.1,1.1

28/11/1998,01:16:40,HBV,0.0,0.0,0.0,1.1,1.1

28/11/1998,01:31:40,HBV,0.0,0.0,0.0,1.1,1.1

28/11/1998,01:46:40,HBV,0.0,0.0,0.0,1.1,1.1

28/11/1998,02:01:40,HBV,0.0,0.0,0.0,1.1,1.1

28/11/1998,02:16:40,HBV,0.0,0.0,0.0,1.1,1.1

28/11/1998,02:31:40,HBV,0.0,0.0,0.0,0.9,1.1

28/11/1998,02:46:40,HBV,0.0,0.0,0.0,0.9,1.1

28/11/1998,03:01:40,HBV,0.0,0.0,0.0,0.9,1.1

28/11/1998,03:16:40,HBV,0.0,0.0,0.0,0.9,1.1

28/11/1998,03:31:40,HBV,0.0,0.0,0.0,0.9,1.1

28/11/1998,03:46:40,HBV,0.0,0.0,0.0,0.9,1.1

28/11/1998,04:01:40,HBV,0.0,0.0,0.0,0.9,1.1

28/11/1998,04:16:40,HBV,0.0,0.0,0.0,0.9,1.1

28/11/1998,04:31:40,HBV,0.0,0.0,0.0,0.9,1.1

28/11/1998,04:46:40,HBV,0.0,0.0,0.0,0.9,1.1

28/11/1998,05:01:40,HBV,0.0,0.0,0.0,0.9,1.1

28/11/1998,05:16:40,HBV,0.0,0.0,0.0,0.7,1.1

28/11/1998,05:31:40,HBV,0.0,0.0,0.0,0.7,1.1

28/11/1998,05:46:40,HBV,0.0,0.0,0.0,0.7,1.1

28/11/1998,06:01:40,HBV,0.0,0.0,0.0,0.7,1.1

28/11/1998,06:16:40,HBV,0.0,0.0,0.0,0.7,1.1

28/11/1998,06:31:40,HBV,0.0,0.0,0.0,0.7,1.1

28/11/1998,06:46:40,HBV,0.0,0.0,0.0,0.7,1.1

28/11/1998,07:01:40,HBV,0.0,0.0,0.0,0.7,1.1

28/11/1998,07:16:40,HBV,0.0,0.0,0.0,0.7,1.1

28/11/1998,07:31:40,HBV,0.0,0.0,0.0,0.7,1.1

28/11/1998,07:46:40,HBV,0.0,0.0,0.0,0.7,1.1

28/11/1998,08:01:40,HBV,0.0,0.0,0.0,0.7,1.1

28/11/1998,08:16:40,HBV,0.0,0.0,0.0,0.7,1.1

28/11/1998,08:31:40,HBV,0.0,0.0,0.0,0.7,1.1

28/11/1998,08:46:40,HBV,0.0,0.0,0.0,0.5,1.1

28/11/1998,09:01:40,HBV,0.0,0.0,0.0,0.0,1.1

28/11/1998,09:16:40,HBV,0.0,0.0,0.0,0.0,1.1

28/11/1998,09:31:40,HBV,0.0,0.0,0.0,0.0,1.1

28/11/1998,09:46:40,HBV,0.0,0.0,0.0,0.0,1.1

28/11/1998,10:01:40,HBV,0.0,0.0,0.0,0.0,1.1

28/11/1998,10:16:40,HBV,0.0,0.0,0.0,0.0,1.1

28/11/1998,10:31:40,HBV,0.0,0.0,0.0,0.0,1.1

28/11/1998,10:46:40,HBV,0.0,0.0,0.0,0.0,1.1

28/11/1998,11:01:40,HBV,0.0,0.0,0.0,0.0,1.1

28/11/1998,11:16:40,HBV,0.0,0.0,0.0,0.0,1.1

28/11/1998,11:31:40,HBV,0.0,0.0,0.0,0.0,1.1

28/11/1998,11:46:40,HBV,0.0,0.0,0.0,0.0,1.1

28/11/1998,12:01:40,HBV,0.0,0.0,0.0,0.0,1.1

28/11/1998,12:16:40,HBV,0.0,0.0,0.0,0.0,1.1

28/11/1998,12:31:40,HBV,0.0,0.0,0.0,0.0,1.1

28/11/1998,12:46:40,HBV,0.0,0.0,0.0,0.0,1.1

28/11/1998,13:01:40,HBV,0.0,0.0,0.0,0.0,1.1

28/11/1998,13:16:40,HBV,0.0,0.0,0.0,0.0,1.1

28/11/1998,13:31:40,HBV,0.0,0.0,0.0,0.0,1.1

28/11/1998,13:46:40,HBV,0.0,0.0,0.0,0.0,1.1

28/11/1998,14:01:40,HBV,0.0,0.0,0.0,0.0,1.1

28/11/1998,14:16:40,HBV,0.0,0.0,0.0,0.0,1.1

28/11/1998,14:31:40,HBV,0.0,0.0,0.0,0.0,1.1

28/11/1998,14:46:40,HBV,0.0,0.0,0.0,0.0,1.1

28/11/1998,15:01:40,HBV,0.0,0.0,0.0,0.0,1.1

28/11/1998,15:16:40,HBV,0.0,0.0,0.0,0.0,1.1

28/11/1998,15:31:40,HBV,0.0,0.0,0.0,0.0,1.1

28/11/1998,15:46:40,HBV,0.0,0.0,0.0,0.0,1.1

28/11/1998,16:01:40,HBV,0.0,0.0,0.0,0.0,1.1

28/11/1998,16:16:40,HBV,0.0,0.0,0.0,0.0,1.1

28/11/1998,16:31:40,HBV,0.0,0.0,0.0,0.0,1.1

28/11/1998,16:46:40,HBV,0.0,0.0,0.0,0.0,1.1

28/11/1998,17:01:40,HBV,0.0,0.0,0.0,0.0,1.1

28/11/1998,17:16:40,HBV,0.0,0.0,0.0,0.0,1.1

28/11/1998,17:31:40,HBV,0.0,0.0,0.0,0.0,1.1

28/11/1998,17:46:40,HBV,0.0,0.0,0.0,0.0,1.1

28/11/1998,18:01:40,HBV,0.0,0.0,0.0,0.0,1.1

28/11/1998,18:16:40,HBV,0.0,0.0,0.0,0.0,1.1

28/11/1998,18:31:40,HBV,0.0,0.0,0.0,0.0,1.1

28/11/1998,18:46:40,HBV,0.0,0.0,0.0,0.0,1.1

28/11/1998,19:01:40,HBV,0.0,0.0,0.0,0.0,1.1

28/11/1998,19:16:40,HBV,0.0,0.0,0.0,0.0,1.1

28/11/1998,19:31:40,HBV,0.0,0.0,0.0,0.0,1.1

28/11/1998,19:46:40,HBV,0.0,0.0,0.0,0.0,1.1

28/11/1998,20:01:40,HBV,0.0,0.0,0.0,0.0,1.1

28/11/1998,20:16:40,HBV,0.0,0.0,0.0,0.0,1.1

28/11/1998,20:31:40,HBV,0.0,0.0,0.0,0.0,1.1

28/11/1998,20:46:40,HBV,0.0,0.0,0.0,0.0,1.1

28/11/1998,21:01:40,HBV,0.0,0.0,0.0,0.0,1.1

28/11/1998,21:16:40,HBV,0.0,0.0,0.0,0.0,1.1

28/11/1998,21:31:40,HBV,0.0,0.0,0.0,0.0,1.1

28/11/1998,21:46:40,HBV,0.0,0.0,0.0,0.0,1.1

28/11/1998,22:01:40,HBV,0.0,0.0,0.0,0.0,1.1

28/11/1998,22:16:40,HBV,0.0,0.0,0.0,0.0,1.1

28/11/1998,22:31:40,HBV,0.0,0.0,0.0,0.0,1.1

28/11/1998,22:46:40,HBV,0.0,0.0,0.0,0.0,1.1

28/11/1998,23:01:40,HBV,0.0,0.0,0.0,0.0,1.1

28/11/1998,23:16:40,HBV,0.0,0.0,0.0,0.0,1.1

28/11/1998,23:31:40,HBV,0.0,0.0,0.0,0.0,1.1

28/11/1998,23:46:40,HBV,0.0,0.0,0.0,0.0,1.1

29/11/1998,00:01:40,HBV,0.0,0.0,0.0,0.0,1.1

29/11/1998,00:16:40,HBV,0.0,0.0,0.0,0.0,1.1

29/11/1998,00:31:40,HBV,0.0,0.0,0.0,0.0,1.1

29/11/1998,00:46:40,HBV,0.0,0.0,0.0,0.0,1.1

29/11/1998,01:01:40,HBV,0.0,0.0,0.0,0.0,1.1

29/11/1998,01:16:40,HBV,0.0,0.0,0.0,0.0,1.1

29/11/1998,01:31:40,HBV,0.0,0.0,0.0,0.0,1.1

29/11/1998,01:46:40,HBV,0.0,0.0,0.0,0.0,1.1

29/11/1998,02:01:40,HBV,0.0,0.0,0.0,0.0,1.1

29/11/1998,02:16:40,HBV,0.0,0.0,0.0,0.0,1.1

29/11/1998,02:31:40,HBV,0.0,0.0,0.0,0.0,1.1

29/11/1998,02:46:40,HBV,0.0,0.0,0.0,0.0,1.1

29/11/1998,03:01:40,HBV,0.0,0.0,0.0,0.0,1.1

29/11/1998,03:16:40,HBV,0.0,0.0,0.0,0.0,1.1

29/11/1998,03:31:40,HBV,0.0,0.0,0.0,0.0,1.1

29/11/1998,03:46:40,HBV,0.0,0.0,0.0,0.0,1.1

29/11/1998,04:01:40,HBV,0.0,0.0,0.0,0.0,1.1

29/11/1998,04:16:40,HBV,0.0,0.0,0.0,0.0,1.1

29/11/1998,04:31:40,HBV,0.0,0.0,0.0,0.0,1.1

29/11/1998,04:46:40,HBV,0.0,0.0,0.0,0.0,1.1

29/11/1998,05:01:40,HBV,0.0,0.0,0.0,0.0,1.1

29/11/1998,05:16:40,HBV,0.0,0.0,0.0,0.0,1.1

29/11/1998,05:31:40,HBV,0.0,0.0,0.0,0.0,1.1

29/11/1998,05:46:40,HBV,0.0,0.0,0.0,0.0,1.1

29/11/1998,06:01:40,HBV,0.0,0.0,0.0,0.0,1.1

29/11/1998,06:16:40,HBV,0.0,0.0,0.0,0.0,1.1

29/11/1998,06:31:40,HBV,0.0,0.0,0.0,0.0,1.1

29/11/1998,06:46:40,HBV,0.0,0.0,0.0,0.0,1.1

29/11/1998,07:01:40,HBV,0.0,0.0,0.0,0.0,1.1

29/11/1998,07:16:40,HBV,0.0,0.0,0.0,0.0,1.1

29/11/1998,07:31:40,HBV,0.0,0.0,0.0,0.0,1.1

29/11/1998,07:46:40,HBV,0.0,0.0,0.0,0.0,1.1

29/11/1998,08:01:40,HBV,0.0,0.0,0.0,0.0,1.1

29/11/1998,08:16:40,HBV,0.0,0.0,0.0,0.0,1.1

29/11/1998,08:31:40,HBV,0.0,0.0,0.0,0.0,1.1

29/11/1998,08:46:40,HBV,0.0,0.0,0.0,0.0,1.1

29/11/1998,09:01:40,HBV,0.0,0.0,0.0,0.0,1.1

29/11/1998,09:16:40,HBV,0.0,0.0,0.0,0.0,1.1

29/11/1998,09:31:40,HBV,0.0,0.0,0.0,0.0,1.1

29/11/1998,09:46:40,HBV,0.0,0.0,0.0,0.0,1.1

29/11/1998,10:01:40,HBV,0.0,0.0,0.0,0.0,1.1

29/11/1998,10:16:40,HBV,0.0,0.0,0.0,0.0,1.1

29/11/1998,10:31:40,HBV,0.0,0.0,0.0,0.0,1.1

29/11/1998,10:46:40,HBV,0.0,0.0,0.0,0.0,1.1

29/11/1998,11:01:40,HBV,0.0,0.0,0.0,0.0,1.1

29/11/1998,11:16:40,HBV,0.0,0.0,0.0,0.0,1.1

29/11/1998,11:31:40,HBV,0.0,0.0,0.0,0.0,1.1

29/11/1998,11:46:40,HBV,0.0,0.0,0.0,0.0,1.1

29/11/1998,12:01:40,HBV,0.0,0.0,0.0,0.0,1.1

29/11/1998,12:16:40,HBV,0.0,0.0,0.0,0.0,1.1

29/11/1998,12:31:40,HBV,0.0,0.0,0.0,0.0,1.1

29/11/1998,12:46:40,HBV,0.0,0.0,0.0,0.0,1.1

29/11/1998,13:01:40,HBV,0.0,0.0,0.0,0.0,1.1

29/11/1998,13:16:40,HBV,0.0,0.0,0.0,0.0,1.1

29/11/1998,13:31:40,HBV,0.0,0.0,0.0,0.0,1.1

29/11/1998,13:46:40,HBV,0.0,0.0,0.0,0.0,1.1

29/11/1998,14:01:40,HBV,0.0,0.0,0.0,0.0,1.1

29/11/1998,14:16:40,HBV,0.0,0.0,0.0,0.0,1.1

29/11/1998,14:31:40,HBV,0.0,0.0,0.0,0.0,1.1

29/11/1998,14:46:40,HBV,0.0,0.0,0.0,0.0,1.1

29/11/1998,15:01:40,HBV,0.0,0.0,0.0,0.0,1.1

29/11/1998,15:16:40,HBV,0.0,0.0,0.0,0.0,1.1

29/11/1998,15:31:40,HBV,0.0,0.0,0.0,0.0,1.1

29/11/1998,15:46:40,HBV,0.0,0.0,0.0,0.0,1.1

29/11/1998,16:01:40,HBV,0.0,0.0,0.0,0.0,1.1

29/11/1998,16:16:40,HBV,0.0,0.0,0.0,0.0,1.1

29/11/1998,16:31:40,HBV,0.0,0.0,0.0,0.0,1.1

29/11/1998,16:46:40,HBV,0.0,0.0,0.0,0.0,1.1

29/11/1998,17:01:40,HBV,0.0,0.0,0.0,0.0,1.1

29/11/1998,17:16:40,HBV,0.0,0.0,0.0,0.0,1.1

29/11/1998,17:31:40,HBV,0.0,0.0,0.0,0.0,1.1

29/11/1998,17:46:40,HBV,0.0,0.0,0.0,0.0,1.1

29/11/1998,18:01:40,HBV,0.0,0.0,0.0,0.0,1.1

29/11/1998,18:16:40,HBV,0.0,0.0,0.0,0.0,1.1

29/11/1998,18:31:40,HBV,0.0,0.0,0.0,0.0,1.1

29/11/1998,18:46:40,HBV,0.0,0.0,0.0,0.0,1.1

29/11/1998,19:01:40,HBV,0.0,0.0,0.0,0.0,1.1

29/11/1998,19:16:40,HBV,0.0,0.0,0.0,0.0,1.1

29/11/1998,19:31:40,HBV,0.0,0.0,0.0,0.0,1.1

29/11/1998,19:46:40,HBV,0.0,0.0,0.0,0.0,1.1

29/11/1998,20:01:40,HBV,0.0,0.0,0.0,0.0,1.1

29/11/1998,20:16:40,HBV,0.0,0.0,0.0,0.0,1.1

29/11/1998,20:31:40,HBV,0.0,0.0,0.0,0.0,1.1

29/11/1998,20:46:40,HBV,0.0,0.0,0.0,0.0,1.1

29/11/1998,21:01:40,HBV,0.0,0.0,0.0,0.0,1.1

29/11/1998,21:16:40,HBV,0.0,0.0,0.0,0.0,1.1

29/11/1998,21:31:40,HBV,0.0,0.0,0.0,0.0,1.1

29/11/1998,21:46:40,HBV,0.0,0.0,0.0,0.0,1.1

29/11/1998,22:01:40,HBV,0.0,0.0,0.0,0.0,1.1

29/11/1998,22:16:40,HBV,0.0,0.0,0.0,0.0,1.1

29/11/1998,22:31:40,HBV,0.0,0.0,0.0,0.0,1.1

29/11/1998,22:46:40,HBV,0.0,0.0,0.0,0.0,1.1

29/11/1998,23:01:40,HBV,0.0,0.0,0.0,0.0,1.1

29/11/1998,23:16:40,HBV,0.0,0.0,0.0,0.0,1.1

29/11/1998,23:31:40,HBV,0.0,0.0,0.0,0.0,1.1

29/11/1998,23:46:40,HBV,0.0,0.0,0.0,0.0,1.1

30/11/1998,00:01:40,HBV,0.0,0.0,0.0,0.0,1.1

30/11/1998,00:16:40,HBV,0.0,0.0,0.0,0.0,1.1

30/11/1998,00:31:40,HBV,0.0,0.0,0.0,0.0,1.1

30/11/1998,00:46:40,HBV,0.0,0.0,0.0,0.0,1.1

30/11/1998,01:01:40,HBV,0.0,0.0,0.0,0.0,1.1

30/11/1998,01:16:40,HBV,0.0,0.0,0.0,0.0,1.1

30/11/1998,01:31:40,HBV,0.0,0.0,0.0,0.0,1.1

30/11/1998,01:46:40,HBV,0.0,0.0,0.0,0.0,1.1

30/11/1998,02:01:40,HBV,0.0,0.0,0.0,0.0,1.1

30/11/1998,02:16:40,HBV,0.0,0.0,0.0,0.0,1.1

30/11/1998,02:31:40,HBV,0.0,0.0,0.0,0.0,1.1

30/11/1998,02:46:40,HBV,0.0,0.0,0.0,0.0,1.1

30/11/1998,03:01:40,HBV,0.0,0.0,0.0,0.0,1.1

30/11/1998,03:16:40,HBV,0.0,0.0,0.0,0.0,1.1

30/11/1998,03:31:40,HBV,0.0,0.0,0.0,0.0,1.1

30/11/1998,03:46:40,HBV,0.0,0.0,0.0,0.0,1.1

30/11/1998,04:01:40,HBV,0.0,0.0,0.0,0.0,1.1

30/11/1998,04:16:40,HBV,0.0,0.0,0.0,0.0,1.1

30/11/1998,04:31:40,HBV,0.0,0.0,0.0,0.0,1.1

30/11/1998,04:46:40,HBV,0.0,0.0,0.0,0.0,1.1

30/11/1998,05:01:40,HBV,0.0,0.0,0.0,0.0,1.1

30/11/1998,05:16:40,HBV,0.0,0.0,0.0,0.0,1.1

30/11/1998,05:31:40,HBV,0.0,0.0,0.0,0.0,1.1

30/11/1998,05:46:40,HBV,0.0,0.0,0.0,0.0,1.1

30/11/1998,06:01:40,HBV,0.0,0.0,0.0,0.0,1.1

30/11/1998,06:16:40,HBV,0.0,0.0,0.0,0.0,1.1

30/11/1998,06:31:40,HBV,0.0,0.0,0.0,0.0,1.1

30/11/1998,06:46:40,HBV,0.0,0.0,0.0,0.0,1.1

30/11/1998,07:01:40,HBV,0.0,0.0,0.0,0.0,1.1

30/11/1998,07:16:40,HBV,0.0,0.0,0.0,0.0,1.1

30/11/1998,07:31:40,HBV,0.0,0.0,0.0,0.0,1.1

30/11/1998,07:46:40,HBV,0.0,0.0,0.0,0.0,1.1

30/11/1998,08:01:40,HBV,0.0,0.0,0.0,0.0,1.1

30/11/1998,08:16:40,HBV,0.0,0.0,0.0,0.0,1.1

30/11/1998,08:31:40,HBV,0.0,0.0,0.0,0.0,1.1

30/11/1998,08:46:40,HBV,0.0,0.0,0.0,0.0,1.1

30/11/1998,09:01:40,HBV,0.0,0.0,0.0,0.0,1.1

30/11/1998,09:16:40,HBV,0.0,0.0,0.0,0.0,1.1

30/11/1998,09:31:40,HBV,0.0,0.0,0.0,0.0,1.1

30/11/1998,09:46:40,HBV,0.0,0.0,0.0,0.0,1.1

30/11/1998,10:01:40,HBV,0.0,0.0,0.0,0.0,1.1

30/11/1998,10:16:40,HBV,0.0,0.0,0.0,0.0,1.1

30/11/1998,10:31:40,HBV,0.0,0.0,0.0,0.0,1.1

30/11/1998,10:46:40,HBV,0.0,0.0,0.0,0.0,1.1

30/11/1998,11:01:40,HBV,0.0,0.0,0.0,0.0,1.1

30/11/1998,11:16:40,HBV,0.0,0.0,0.0,0.0,1.1

30/11/1998,11:31:40,HBV,0.0,0.0,0.0,0.0,1.1

30/11/1998,11:46:40,HBV,0.0,0.0,0.0,0.0,1.1

30/11/1998,12:01:40,HBV,0.0,0.0,0.0,0.0,1.1

30/11/1998,12:16:40,HBV,0.0,0.0,0.0,0.0,1.1

30/11/1998,12:31:40,HBV,0.0,0.0,0.0,0.0,1.1

30/11/1998,12:46:40,HBV,0.0,0.0,0.0,0.0,1.1

30/11/1998,13:01:40,HBV,0.0,0.0,0.0,0.0,1.1

30/11/1998,13:16:40,HBV,0.0,0.0,0.0,0.0,1.1

30/11/1998,13:31:40,HBV,0.0,0.0,0.0,0.0,1.1

30/11/1998,13:46:40,HBV,0.0,0.0,0.0,0.0,1.1

30/11/1998,14:01:40,HBV,0.0,0.0,0.0,0.0,1.1

30/11/1998,14:16:40,HBV,0.0,0.0,0.0,0.0,1.1

30/11/1998,14:31:40,HBV,0.0,0.0,0.0,0.0,1.1

30/11/1998,14:46:40,HBV,0.0,0.0,0.0,0.0,1.1

30/11/1998,15:01:40,HBV,0.0,0.0,0.0,0.0,1.1

30/11/1998,15:16:40,HBV,0.0,0.0,0.0,0.0,1.1

30/11/1998,15:31:40,HBV,0.0,0.0,0.0,0.0,1.1

30/11/1998,15:46:40,HBV,0.0,0.0,0.0,0.0,1.1

30/11/1998,16:01:40,HBV,0.0,0.0,0.0,0.0,1.1

30/11/1998,16:16:40,HBV,0.0,0.0,0.0,0.0,1.1

30/11/1998,16:31:40,HBV,0.0,0.0,0.0,0.0,1.1

30/11/1998,16:46:40,HBV,0.0,0.0,0.0,0.0,1.1

30/11/1998,17:01:40,HBV,0.0,0.0,0.0,0.0,1.1

30/11/1998,17:16:40,HBV,0.0,0.0,0.0,0.0,1.1

30/11/1998,17:31:40,HBV,0.0,0.0,0.0,0.0,1.1

30/11/1998,17:46:40,HBV,0.0,0.0,0.0,0.0,1.1

30/11/1998,18:01:40,HBV,0.0,0.0,0.0,0.0,1.1

30/11/1998,18:16:40,HBV,0.0,0.0,0.0,0.0,1.1

30/11/1998,18:31:40,HBV,0.0,0.0,0.0,0.0,1.1

30/11/1998,18:46:40,HBV,0.0,0.0,0.0,0.0,1.1

30/11/1998,19:01:40,HBV,0.0,0.0,0.0,0.0,1.1

30/11/1998,19:16:40,HBV,0.0,0.0,0.0,0.0,1.1

30/11/1998,19:31:40,HBV,0.0,0.0,0.0,0.0,1.1

30/11/1998,19:46:40,HBV,0.0,0.0,0.0,0.0,1.1

30/11/1998,20:01:40,HBV,0.0,0.0,0.0,0.0,1.1

30/11/1998,20:16:40,HBV,0.0,0.0,0.0,0.0,1.1

30/11/1998,20:31:40,HBV,0.0,0.0,0.0,0.0,1.1

30/11/1998,20:46:40,HBV,0.0,0.0,0.0,0.0,1.1

30/11/1998,21:01:40,HBV,0.0,0.0,0.0,0.0,1.1

30/11/1998,21:16:40,HBV,0.0,0.0,0.0,0.0,1.1

30/11/1998,21:31:40,HBV,0.0,0.0,0.0,0.0,1.1

30/11/1998,21:46:40,HBV,0.0,0.0,0.0,0.0,1.1

30/11/1998,22:01:40,HBV,0.0,0.0,0.0,0.0,1.1

30/11/1998,22:16:40,HBV,0.0,0.0,0.0,0.0,1.1

30/11/1998,22:31:40,HBV,0.0,0.0,0.0,0.0,1.1

30/11/1998,22:46:40,HBV,0.0,0.0,0.0,0.0,1.1

30/11/1998,23:01:40,HBV,0.0,0.0,0.0,0.0,1.1

30/11/1998,23:16:40,HBV,0.0,0.0,0.0,0.0,1.1

30/11/1998,23:31:40,HBV,0.0,0.0,0.0,0.0,1.1

30/11/1998,23:46:40,HBV,0.0,0.0,0.0,0.0,1.1

